box_conf;box_x;box_y;box_w;box_h;box_x_n;box_y_n;box_w_n;box_h_n;1_x;1_y;1_conf;1_x_n;1_y_n;2_x;2_y;2_conf;2_x_n;2_y_n;3_x;3_y;3_conf;3_x_n;3_y_n;4_x;4_y;4_conf;4_x_n;4_y_n;5_x;5_y;5_conf;5_x_n;5_y_n;6_x;6_y;6_conf;6_x_n;6_y_n;7_x;7_y;7_conf;7_x_n;7_y_n;8_x;8_y;8_conf;8_x_n;8_y_n;9_x;9_y;9_conf;9x_n;9_y_n;10_x;10_y;10_conf;10_x_n;10_y_n;11_x;11_y;11_conf;11_x_n;11_y_n;12_x;12_y;12_conf;12_x_n;12_y_n;13_x;13_y;13_conf;13_x_n;13_y_n;14_x;14_y;14_conf;14_x_n;14_y_n;15_x;15_y;15_conf;15_x_n;15_y_n;16_x;16_y;16_conf;16_x_n;16_y_n;17_x;17_y;17_conf;17_x_n;17_y_n
0.948979;923.5;346.5;459.0;687.0;0.48098958;0.32083333;0.2390625;0.63611114;952.9409;121.64685;0.99115026;0.4963234;0.11263597;975.7627;95.624016;0.9695963;0.50820976;0.088540755;929.3359;96.75531;0.9704809;0.4840291;0.08958825;1013.9949;64.097786;0.7547905;0.5281223;0.0593498;892.2136;65.253;0.7754626;0.4646946;0.060419444;1063.1517;159.32355;0.99478686;0.5537249;0.14752181;834.1352;148.84686;0.99398106;0.4344454;0.13782117;1123.9818;337.0224;0.9765385;0.5854072;0.31205776;729.5221;282.97357;0.97273684;0.37995943;0.26201257;1103.3168;500.02643;0.96733356;0.57464415;0.46298742;761.4863;396.94427;0.9626573;0.39660746;0.367541;1008.5706;432.33142;0.9898605;0.5252972;0.40030688;869.3709;432.9526;0.9898052;0.45279735;0.40088204;1009.0983;614.49335;0.9471533;0.52557206;0.5689753;881.4159;632.7292;0.94324064;0.45907077;0.5858604;986.1882;761.87006;0.7033371;0.5136397;0.7054352;884.2161;777.3179;0.6830801;0.46052924;0.7197388
0.9502901;922.5;345.5;461.0;685.0;0.48046875;0.3199074;0.24010417;0.6342593;951.83484;120.15468;0.9915318;0.4957473;0.111254334;974.81287;94.158554;0.9710921;0.50771505;0.08718385;928.37976;95.28861;0.97070616;0.48353112;0.0882302;1013.7001;61.96541;0.76765513;0.52796876;0.05737538;891.9617;62.96528;0.77376145;0.46456337;0.058301184;1063.8925;158.89677;0.99529284;0.55411065;0.14712664;834.41565;146.51527;0.9943522;0.43459147;0.13566229;1124.8907;335.44183;0.97898954;0.5858806;0.3105943;728.4172;277.08905;0.9742125;0.37938395;0.25656393;1104.4789;499.52518;0.97036386;0.57524943;0.4625233;758.0398;395.68115;0.9643927;0.3948124;0.36637142;1009.34656;434.3025;0.9899961;0.52570134;0.40213194;869.94525;433.4115;0.9897455;0.45309648;0.40130696;1008.8136;617.2539;0.93809795;0.52542377;0.5715314;879.8517;631.49414;0.9321496;0.4582561;0.5847168;985.4066;744.6731;0.66015977;0.5132326;0.68951213;885.1547;753.96466;0.6366582;0.4610181;0.6981154
0.9499614;921.5;345.0;465.0;684.0;0.47994792;0.31944445;0.2421875;0.6333333;949.4848;119.59012;0.99154645;0.49452335;0.110731594;973.19495;94.04242;0.97240937;0.50687236;0.087076314;926.57117;94.152145;0.9695091;0.48258916;0.08717791;1013.13434;61.943985;0.78073055;0.52767414;0.05735554;891.0744;60.567146;0.76001287;0.46410125;0.05608069;1063.7942;160.83487;0.99550605;0.55405945;0.14892118;832.78143;146.05858;0.9939663;0.43374032;0.13523942;1125.5997;336.00223;0.9803451;0.5862499;0.31111318;725.2381;273.13806;0.9718318;0.37772816;0.2529056;1105.495;500.2228;0.9718812;0.57577866;0.46316928;753.47626;391.00488;0.9617862;0.39243555;0.36204156;1010.47784;438.94565;0.9897748;0.52629054;0.40643117;870.38745;437.02368;0.98891234;0.4533268;0.40465155;1008.87854;618.84796;0.9344146;0.52545756;0.57300735;878.0986;630.66736;0.924225;0.457343;0.58395123;985.7831;738.7768;0.64613616;0.5134287;0.6840526;886.4169;747.7454;0.6144909;0.46167547;0.6923569
0.9492684;920.5;345.5;469.0;685.0;0.47942707;0.3199074;0.24427083;0.6342593;950.89185;117.874054;0.9924274;0.49525616;0.109142646;972.71906;92.8331;0.97480255;0.5066245;0.08595657;926.10706;93.57042;0.97447556;0.48234743;0.08663928;1011.3499;60.08702;0.7761606;0.5267447;0.05563613;890.3074;61.00644;0.7831225;0.46370175;0.056487445;1061.5778;158.72195;0.99459344;0.5529051;0.14696477;832.8031;142.98099;0.9950736;0.4337516;0.1323898;1127.8773;330.63666;0.9766004;0.5874361;0.30614504;723.16974;267.7314;0.97782373;0.3766509;0.24789946;1107.845;498.15747;0.9691056;0.5770026;0.46125692;751.6014;389.2716;0.9697936;0.39145905;0.36043668;1011.4245;438.90518;0.98990995;0.5267836;0.40639368;874.74927;435.88754;0.9906551;0.45559856;0.4035996;1008.642;617.09814;0.9326629;0.5253344;0.5713872;880.66833;632.8541;0.9355643;0.45868143;0.58597606;989.13837;742.3427;0.64707386;0.51517624;0.6873544;876.16187;753.64954;0.6486109;0.4563343;0.69782364
0.94972473;919.0;345.0;472.0;684.0;0.47864583;0.31944445;0.24583334;0.6333333;949.0285;116.8149;0.9923807;0.49428567;0.10816195;970.5812;92.08731;0.9747788;0.50551105;0.08526603;924.5676;92.63839;0.9734148;0.48154563;0.085776284;1010.3234;58.72078;0.78087264;0.5262101;0.054371092;890.74426;59.620514;0.7750356;0.4639293;0.05520418;1062.6256;156.59012;0.9949244;0.5534508;0.14499085;833.55457;140.58739;0.9952779;0.434143;0.1301735;1128.4911;328.71957;0.97856414;0.5877558;0.30437;719.6751;263.42493;0.9791718;0.37483078;0.24391197;1108.3678;497.84134;0.9717647;0.5772749;0.4609642;749.8464;387.01642;0.97174186;0.39054498;0.35834855;1012.1226;437.09998;0.9906782;0.5271472;0.4047222;875.66895;434.2206;0.991318;0.45607758;0.40205613;1008.04266;611.69403;0.9348111;0.5250222;0.56638336;880.40704;630.02563;0.9372979;0.45854533;0.5833571;987.3152;730.5003;0.65510225;0.5142267;0.67638916;872.85864;746.7543;0.6553264;0.45461386;0.69143915
0.94975173;918.0;344.5;476.0;685.0;0.478125;0.31898147;0.24791667;0.6342593;948.3771;117.58626;0.99235535;0.4939464;0.10887616;970.383;92.95777;0.97462374;0.5054078;0.08607201;924.0348;92.96578;0.97346854;0.4812681;0.086079426;1010.354;58.767975;0.7752935;0.52622604;0.05441479;889.8752;58.274963;0.77243125;0.46347666;0.0539583;1062.5892;155.51953;0.99456125;0.55343187;0.14399956;832.1215;137.70699;0.9950427;0.43339664;0.12750646;1128.7141;328.72833;0.977422;0.5878719;0.3043781;717.0309;259.9767;0.97870994;0.3734536;0.24071918;1108.767;497.56754;0.9710028;0.5774828;0.46071067;746.1467;384.29434;0.9716432;0.38861808;0.3558281;1013.70905;438.2909;0.9898011;0.5279735;0.4058249;875.952;434.70016;0.99063724;0.456225;0.40250015;1008.5006;616.87805;0.9274911;0.52526075;0.5711834;878.56647;633.7094;0.93102026;0.4575867;0.586768;988.21735;731.6171;0.6269426;0.51469654;0.67742324;868.4354;747.9203;0.628987;0.45231012;0.6925188
0.9492424;917.0;345.5;480.0;685.0;0.47760418;0.3199074;0.25;0.6342593;947.361;117.93869;0.99252784;0.4934172;0.10920249;969.5936;93.104805;0.9753714;0.50499666;0.08620815;922.72705;93.32998;0.9736477;0.480587;0.08641665;1010.3791;58.93396;0.7796336;0.5262391;0.05456848;888.36676;58.811462;0.7692506;0.462691;0.054455057;1063.4274;156.18129;0.9946903;0.5538684;0.14461231;831.6863;136.67477;0.99504894;0.43316993;0.12655072;1129.6964;329.6135;0.9781381;0.58838356;0.3051977;714.32886;256.29868;0.9787855;0.3720463;0.23731358;1108.192;498.29205;0.9719948;0.57718337;0.46138152;742.5259;384.49228;0.9719302;0.38673222;0.35601136;1014.6597;438.79926;0.99039805;0.5284686;0.4062956;875.9999;433.91382;0.9911159;0.45624992;0.40177205;1008.3792;619.4292;0.93379176;0.5251975;0.5735456;877.29224;632.51825;0.93641263;0.45692304;0.58566505;990.213;742.8051;0.6458055;0.5157359;0.6877825;866.0473;753.4563;0.64744306;0.45106632;0.6976447
0.94996476;915.5;345.0;483.0;686.0;0.4768229;0.31944445;0.2515625;0.6351852;945.4732;118.20275;0.99242276;0.49243397;0.109446995;967.46875;93.749405;0.9752033;0.50389;0.086805;921.22906;93.73457;0.9728866;0.4798068;0.08679127;1008.53796;59.438965;0.78040075;0.5252802;0.05503608;887.85114;59.033707;0.76357746;0.46242246;0.054660838;1063.2611;155.02109;0.99479735;0.5537818;0.14353804;829.8915;135.9028;0.9949797;0.43223515;0.12583593;1130.3604;327.97626;0.97892326;0.5887293;0.30368173;709.8972;254.71243;0.978695;0.36973813;0.23584485;1108.8926;497.27298;0.9731214;0.5775482;0.46043795;739.15375;384.85126;0.9721796;0.3849759;0.35634375;1014.51013;433.99622;0.99063325;0.5283907;0.40184835;875.0405;429.9195;0.99121666;0.4557503;0.3980736;1009.94794;609.7603;0.9363851;0.52601457;0.5645929;876.23883;626.74713;0.9381992;0.45637438;0.58032143;989.01733;732.1416;0.66048867;0.5151132;0.6779089;862.938;749.2004;0.65926176;0.44944686;0.69370407
0.9503981;914.5;345.5;487.0;685.0;0.4763021;0.3199074;0.25364584;0.6342593;942.65045;116.6711;0.9926928;0.4909638;0.10802879;964.8227;93.02115;0.97705334;0.5025118;0.08613069;918.8962;91.98299;0.97287524;0.47859177;0.085169435;1007.445;60.134125;0.7957133;0.52471095;0.055679746;887.2662;58.015594;0.75444615;0.4621178;0.053718142;1063.075;154.84776;0.9950046;0.5536849;0.14337756;829.5073;134.01839;0.99472964;0.43203506;0.124091096;1130.4905;327.79803;0.9799284;0.58879715;0.3035167;707.02313;249.38113;0.9772125;0.36824122;0.23090845;1109.0651;497.6794;0.9742766;0.57763803;0.46081427;734.76276;382.87775;0.9707144;0.38268894;0.35451645;1014.384;430.0482;0.9905021;0.52832496;0.39819276;874.70807;425.82834;0.99073714;0.4555771;0.3942855;1009.53735;606.0717;0.9354383;0.5258007;0.5611775;876.4565;625.3957;0.93509156;0.45648775;0.5790701;989.7047;724.42285;0.6568494;0.5154712;0.6707619;862.8066;748.3704;0.65002435;0.44937843;0.6929356
0.9496209;913.5;346.0;489.0;686.0;0.47578126;0.32037038;0.2546875;0.6351852;940.7869;117.52819;0.99265623;0.48999318;0.1088224;963.5997;94.390915;0.9773407;0.5018748;0.087399;917.4515;92.26291;0.97206014;0.47783932;0.08542862;1006.97577;61.292747;0.79994535;0.5244666;0.056752544;886.2475;56.72589;0.74525726;0.46158725;0.052523974;1062.8636;155.52687;0.9950949;0.5535748;0.14400636;827.95685;132.80646;0.9945886;0.43122754;0.12296894;1130.4509;325.42053;0.98071676;0.5887765;0.3013153;704.70447;245.82835;0.976727;0.36703357;0.22761884;1109.5319;497.18365;0.9752959;0.57788116;0.46035522;731.0486;382.9888;0.97041065;0.38075447;0.35461926;1015.3175;434.53555;0.9906605;0.5288112;0.40234774;874.71826;429.162;0.9907026;0.45558244;0.39737222;1009.4519;609.04675;0.9352152;0.5257562;0.5639322;872.94855;624.71783;0.9334746;0.4546607;0.57844245;989.69934;723.82477;0.6557923;0.5154684;0.6702081;860.7127;747.1601;0.6462757;0.44828787;0.6918149
0.9488399;911.5;346.0;493.0;686.0;0.47473958;0.32037038;0.25677082;0.6351852;939.241;117.82752;0.9926623;0.48918805;0.10909956;961.74335;94.339554;0.978285;0.500908;0.08735144;915.43085;92.76846;0.97177064;0.4767869;0.08589672;1006.4251;60.153328;0.8039122;0.52417976;0.055697527;885.1178;57.12964;0.7329296;0.46099886;0.052897815;1064.451;154.60199;0.9947194;0.5544016;0.14314999;828.58563;131.79759;0.99374384;0.431555;0.12203481;1130.5239;325.6281;0.9794773;0.58881456;0.3015075;701.9996;242.38977;0.97296256;0.3656248;0.22443497;1110.0013;496.63138;0.9740984;0.5781257;0.45984387;727.46796;380.43082;0.9668169;0.37888956;0.35225075;1016.80414;435.607;0.9895823;0.5295855;0.4033398;875.49023;430.32056;0.9893194;0.4559845;0.39844495;1010.8151;607.3692;0.93461865;0.5264662;0.5623789;872.3927;625.36176;0.93101776;0.45437118;0.5790387;990.79144;733.0075;0.6593699;0.5160372;0.67871064;856.5214;757.64594;0.64522165;0.4461049;0.701524
0.9499764;910.0;345.5;496.0;685.0;0.47395834;0.3199074;0.25833333;0.6342593;938.1894;119.09461;0.9926352;0.4886403;0.11027279;960.5787;95.32855;0.9786781;0.5003014;0.08826718;914.1488;94.10298;0.9715659;0.47611916;0.08713239;1005.5591;60.486168;0.8069351;0.52372867;0.056005713;883.8196;58.19545;0.7284186;0.4603227;0.053884678;1064.9219;155.5862;0.99459016;0.5546468;0.1440613;827.25824;131.81961;0.993294;0.43086368;0.122055195;1130.5499;325.82333;0.97904825;0.5888281;0.30168828;699.093;238.22223;0.9707714;0.36411095;0.22057614;1110.0463;496.66882;0.9735909;0.5781491;0.45987853;721.99603;377.67975;0.9645399;0.3760396;0.34970346;1017.0346;435.1344;0.9885622;0.5297055;0.40290222;874.6357;429.33948;0.9880215;0.4555394;0.39753655;1012.07764;605.8894;0.9270894;0.52712375;0.5610087;871.3658;623.2379;0.9214751;0.45383635;0.57707214;989.74115;727.9078;0.6351104;0.5154902;0.6739887;857.02203;749.6444;0.61752355;0.44636565;0.6941152
0.95019853;907.0;346.5;500.0;687.0;0.47239584;0.32083333;0.26041666;0.63611114;936.3485;121.25972;0.99280626;0.4876815;0.112277515;958.77576;97.51108;0.978909;0.49936238;0.090288036;912.0975;96.49132;0.97254026;0.47505078;0.089343816;1003.5418;62.312737;0.8035658;0.522678;0.05769698;881.01;60.422104;0.7330857;0.45885938;0.05594639;1063.3444;154.38487;0.994445;0.5538252;0.14294896;825.0846;130.75531;0.9933495;0.42973155;0.12106973;1130.5737;323.60876;0.97851014;0.5888405;0.29963773;695.6818;235.27109;0.9716296;0.36233428;0.2178436;1110.1377;495.0194;0.9733949;0.5781967;0.4583513;717.94385;377.29202;0.9657817;0.37392908;0.34934446;1017.79034;433.5923;0.988457;0.53009915;0.40147433;874.64575;427.9117;0.9882052;0.45554465;0.39621454;1011.3737;605.9173;0.92765164;0.5267571;0.56103456;869.4939;623.677;0.9235995;0.4528614;0.5774787;989.406;731.46576;0.6368896;0.51531565;0.6772831;851.1731;753.3111;0.6222091;0.44331932;0.6975103
0.94999504;905.0;346.0;506.0;686.0;0.47135416;0.32037038;0.26354167;0.6351852;934.5156;121.24544;0.99279237;0.48672688;0.11226429;957.0436;97.28311;0.97925586;0.4984602;0.09007695;910.0474;96.3306;0.9719306;0.47398302;0.089195;1003.1053;61.132965;0.805697;0.5224507;0.056604598;879.47754;59.496323;0.72206676;0.45806122;0.055089187;1063.7384;154.8399;0.9943447;0.5540304;0.14337029;824.2643;129.78586;0.992894;0.4293043;0.12017209;1130.2854;324.6407;0.9785861;0.58869034;0.30059323;691.53735;231.03581;0.9699534;0.3601757;0.21392205;1110.1042;495.99527;0.9737666;0.5781793;0.4592549;711.70966;377.3901;0.96453553;0.37068212;0.34943527;1017.635;435.1028;0.98827714;0.5300182;0.40287298;873.8308;429.08148;0.9877852;0.4551202;0.39729768;1012.42456;606.815;0.9287541;0.5273045;0.56186575;868.90924;625.9334;0.92336345;0.4525569;0.57956797;991.9387;735.1575;0.6409951;0.51663476;0.6807014;849.32025;758.50525;0.6230741;0.4423543;0.7023197
0.9513645;903.0;345.5;510.0;685.0;0.4703125;0.3199074;0.265625;0.6342593;930.6299;121.969345;0.99286604;0.48470306;0.11293458;953.05634;98.70245;0.9800469;0.49638352;0.09139116;907.08057;96.98442;0.97108454;0.4724378;0.08980039;1000.1431;62.692017;0.81492656;0.5209079;0.058048163;878.9548;59.49756;0.7097014;0.45778894;0.05509033;1063.5656;154.90005;0.99460864;0.5539404;0.14342597;823.5299;127.60542;0.99267125;0.42892182;0.11815317;1131.1216;323.6606;0.9799514;0.5891258;0.29968575;686.70447;225.01772;0.9689436;0.35765857;0.20834973;1111.1248;495.51822;0.97536147;0.5787108;0.45881316;706.0296;375.4399;0.9639386;0.36772376;0.34762955;1019.0367;435.32684;0.98871034;0.53074825;0.4030804;875.2508;428.49976;0.98785955;0.45585978;0.39675903;1011.9824;607.3941;0.9321573;0.52707416;0.56240195;869.8105;625.4121;0.9248384;0.4530263;0.5790853;990.6935;738.2998;0.6500554;0.5159862;0.6836109;848.8367;764.06805;0.62808275;0.44210243;0.7074704
0.95122683;902.0;345.5;512.0;685.0;0.46979168;0.3199074;0.26666668;0.6342593;927.77966;123.00204;0.99301404;0.48321858;0.113890775;950.71545;99.91223;0.98072654;0.4951643;0.092511326;904.2919;97.68297;0.9711368;0.47098535;0.090447195;999.1377;63.37397;0.81843245;0.5203842;0.058679603;876.5021;58.947556;0.70154786;0.4565115;0.05458107;1062.8386;155.26154;0.99461776;0.5535618;0.14376068;822.1247;124.90304;0.99240404;0.42818993;0.11565096;1131.1644;323.76645;0.980231;0.58914816;0.29978374;684.03973;217.7395;0.9680292;0.3562707;0.20161065;1110.9255;496.63742;0.9758834;0.578607;0.45984948;699.6947;373.1415;0.96330863;0.36442432;0.3455014;1018.09796;435.162;0.9888659;0.5302594;0.40292776;873.9465;426.77316;0.98787284;0.45518047;0.39516035;1011.7528;608.16833;0.9353179;0.5269546;0.5631188;868.8666;622.9258;0.92742664;0.45253468;0.5767831;992.7001;742.8122;0.6614505;0.5170313;0.6877891;847.875;766.5912;0.63850385;0.44160157;0.7098067
0.9510501;900.5;345.5;517.0;685.0;0.4690104;0.3199074;0.26927084;0.6342593;925.9584;122.41763;0.9934983;0.48226997;0.11334966;949.1602;100.05707;0.98220694;0.49435428;0.09264544;902.6468;96.84297;0.97225416;0.47012854;0.08966942;998.50964;64.64207;0.8319936;0.5200571;0.059853766;875.26483;58.60016;0.7052968;0.4558671;0.054259405;1061.6919;155.72809;0.99530834;0.5529645;0.14419268;819.8;125.00988;0.9930635;0.42697915;0.11574989;1130.3936;323.42212;0.9826354;0.58874667;0.2994649;680.4611;216.063;0.96990573;0.35440683;0.20005834;1110.9498;495.72116;0.97827464;0.5786197;0.45900106;695.24097;375.43314;0.96485704;0.36210468;0.3476233;1017.0623;434.98804;0.9898601;0.52971995;0.4027667;872.2941;427.45615;0.9886966;0.45431986;0.39579272;1012.32605;604.72363;0.93571174;0.52725315;0.5599293;869.81635;624.45667;0.9263951;0.45302933;0.57820064;993.78064;725.65906;0.65976244;0.5175941;0.67190653;854.12225;758.9431;0.63243204;0.44485533;0.7027251
0.95271164;898.5;345.0;521.0;684.0;0.46796876;0.31944445;0.27135417;0.6333333;924.13293;126.00066;0.99293596;0.48131925;0.11666728;947.264;103.42099;0.98111653;0.49336666;0.095760174;900.5416;100.42992;0.96931386;0.4690321;0.09299067;998.2689;65.667755;0.82745475;0.51993173;0.060803477;873.8053;60.26793;0.6813833;0.4551069;0.055803638;1063.097;155.9236;0.99495476;0.5536964;0.1443737;819.8223;123.41668;0.99226075;0.4269908;0.1142747;1130.4171;322.82922;0.9822751;0.5887589;0.29891595;677.029;209.13986;0.9678583;0.35261926;0.19364803;1111.6417;495.69223;0.9781854;0.5789801;0.4589743;686.4808;372.6924;0.9631883;0.35754207;0.34508556;1017.20013;435.9257;0.9892692;0.5297917;0.4036349;871.64124;427.1771;0.98786455;0.45397982;0.39553434;1013.1753;604.9283;0.93155044;0.5276955;0.5601188;868.47076;622.9695;0.9204942;0.45232853;0.5768236;994.3464;722.22437;0.64823145;0.5178887;0.66872627;852.10974;752.75757;0.6185889;0.44380715;0.69699776
0.95210904;895.0;345.0;528.0;684.0;0.46614584;0.31944445;0.275;0.6333333;920.8506;129.70479;0.99266726;0.47960967;0.120097026;943.81006;107.45009;0.98076105;0.49156773;0.09949082;897.6411;104.459015;0.96758413;0.4675214;0.09672131;995.17206;70.1754;0.8298905;0.5183188;0.06497722;871.8714;64.84204;0.6703219;0.45409968;0.060038928;1062.0432;158.37627;0.9949292;0.5531475;0.1466447;817.95355;124.950325;0.99192107;0.42601746;0.11569475;1130.6804;324.45035;0.9827556;0.58889604;0.30041698;672.26917;206.86264;0.9672376;0.35014018;0.19153948;1111.5018;495.90833;0.97879744;0.5789072;0.45917436;680.4559;372.71475;0.9627858;0.3544041;0.34510624;1018.1616;442.26636;0.98927444;0.5302925;0.40950587;871.6174;433.2073;0.98770577;0.4539674;0.40111786;1011.5363;615.9295;0.928949;0.5268418;0.5703051;867.19666;633.9493;0.9162747;0.45166492;0.58699006;993.56195;732.49786;0.63065374;0.5174802;0.67823875;850.28674;763.28375;0.5983441;0.44285768;0.7067442
0.9527935;892.5;346.0;533.0;684.0;0.46484375;0.32037038;0.27760416;0.6333333;919.8291;132.82686;0.99280787;0.47907767;0.12298783;943.00653;110.782906;0.9803578;0.49114925;0.10257676;896.2782;107.63425;0.96919394;0.46681157;0.09966134;993.9448;73.4355;0.8218719;0.5176796;0.06799583;869.4156;67.728584;0.68512076;0.45282063;0.06271165;1060.1492;159.56361;0.99478614;0.55216104;0.14774409;815.7378;125.3792;0.99258727;0.42486343;0.116091855;1130.2585;324.04852;0.9818903;0.58867633;0.30004492;668.93225;202.49649;0.970752;0.3484022;0.18749675;1111.7549;495.43744;0.97807115;0.579039;0.45873836;673.7702;367.45892;0.96594083;0.350922;0.34023973;1017.46985;442.38657;0.9893399;0.5299322;0.4096172;870.4869;433.31424;0.988529;0.4533786;0.4012169;1013.1041;612.5135;0.9290104;0.5276584;0.5671421;865.8706;631.819;0.9209222;0.4509743;0.58501756;993.81396;725.64056;0.63634026;0.51761144;0.6718894;846.23096;759.4657;0.6124384;0.4407453;0.703209
0.95371;890.5;345.5;537.0;685.0;0.46380207;0.3199074;0.2796875;0.6342593;916.42163;132.87543;0.99222213;0.47730294;0.1230328;939.2143;111.23957;0.97953564;0.4891741;0.102999605;893.4255;108.08057;0.9655397;0.46532577;0.1000746;990.53503;74.46627;0.8257438;0.51590365;0.06895025;868.2525;68.95303;0.66189456;0.45221484;0.0638454;1059.1107;159.33037;0.99483913;0.5516202;0.14752811;814.9595;125.43494;0.99202394;0.42445806;0.11614346;1130.704;322.41086;0.982811;0.5889083;0.29852858;665.5439;198.77147;0.9689192;0.34663743;0.18404765;1111.8127;495.27817;0.97889394;0.57906914;0.4585909;667.4963;360.78217;0.96402067;0.3476543;0.33405757;1017.67334;445.02347;0.989537;0.5300382;0.41205877;870.76154;435.98602;0.98825294;0.45352164;0.40369076;1013.14624;612.26;0.9294553;0.52768034;0.5669074;865.09406;631.6507;0.9182188;0.4505698;0.58486176;994.1075;724.76514;0.6384452;0.51776433;0.6710788;845.65814;759.0954;0.6086865;0.44044694;0.70286614
0.9537053;887.5;345.0;541.0;684.0;0.4622396;0.31944445;0.28177083;0.6333333;913.71313;135.15637;0.9915046;0.47589225;0.1251448;935.8015;113.23833;0.97821736;0.48739663;0.1048503;890.4589;111.04472;0.9612995;0.4637807;0.10281919;987.2078;74.63111;0.8250045;0.51417077;0.06910288;865.8847;71.37206;0.6372464;0.45098162;0.06608524;1058.0255;157.7961;0.9948146;0.55105495;0.1461075;813.46106;124.02024;0.9912777;0.42367762;0.114833556;1130.2582;322.85654;0.9837668;0.58867615;0.29894122;662.9967;193.84003;0.9671156;0.34531078;0.1794815;1111.9211;495.29282;0.9798319;0.5791256;0.45860445;659.5962;358.9139;0.96218324;0.34353969;0.3323277;1016.6871;448.80743;0.9897071;0.5295245;0.41556245;869.30664;439.9455;0.98796046;0.4527639;0.40735695;1011.8734;617.05865;0.9277537;0.5270174;0.57135063;863.79034;639.47174;0.912861;0.4498908;0.5921035;994.5509;727.55273;0.6277922;0.51799524;0.6736599;847.9713;761.83356;0.59088385;0.44165173;0.7054014
0.9545966;885.5;345.0;545.0;684.0;0.4611979;0.31944445;0.28385416;0.6333333;911.31354;138.19872;0.98999655;0.47464246;0.12796177;932.7016;116.371445;0.9748736;0.4857821;0.10775134;888.66;114.581474;0.9538612;0.46284375;0.10609396;984.1147;77.15664;0.81611425;0.5125597;0.07144133;865.8346;74.74404;0.60676205;0.4509555;0.069207445;1058.4598;159.04486;0.994436;0.55128115;0.14726377;812.61273;124.44161;0.9903155;0.4232358;0.11522371;1130.2207;324.11267;0.9837569;0.5886566;0.30010432;659.15045;191.90283;0.96556395;0.34330752;0.17768781;1111.2274;494.8141;0.9799817;0.57876426;0.4581612;653.74194;358.36526;0.9609628;0.3404906;0.33181968;1017.4371;448.3679;0.9897343;0.52991515;0.41515544;868.99207;438.80872;0.9878011;0.45260003;0.40630436;1012.5476;617.66144;0.9279595;0.52736855;0.5719087;860.43;638.43207;0.9115989;0.44814062;0.5911408;993.6319;729.8425;0.6292014;0.5175166;0.6757801;844.0388;761.2586;0.5903282;0.43960354;0.7048691
0.95455474;883.5;345.5;549.0;685.0;0.46015626;0.3199074;0.2859375;0.6342593;907.5753;141.3798;0.9896846;0.47269547;0.13090722;928.9419;119.58254;0.97475475;0.4838239;0.110724576;884.98065;117.42391;0.9507801;0.46092743;0.108725846;982.05414;78.66396;0.81977016;0.51148653;0.072837;863.3463;75.75941;0.58461136;0.44965953;0.0701476;1057.8007;160.20393;0.9945155;0.55093783;0.14833698;811.30023;124.579124;0.9897357;0.4225522;0.11535104;1129.8107;324.90527;0.9845563;0.58844304;0.3008382;656.06934;189.38106;0.9638689;0.3417028;0.17535283;1111.2258;494.1297;0.9809172;0.5787634;0.4575275;646.15875;353.55936;0.9595532;0.33654103;0.32736978;1015.819;448.49918;0.99002004;0.5290724;0.415277;867.3906;438.4432;0.9877093;0.45176595;0.40596592;1011.8458;619.4295;0.9304562;0.52700305;0.5735458;860.2015;639.5899;0.91183853;0.4480216;0.59221286;994.097;730.2021;0.6359367;0.51775885;0.67611307;844.5181;762.4744;0.5924177;0.4398532;0.70599484
0.9553703;880.0;346.0;556.0;686.0;0.45833334;0.32037038;0.28958333;0.6351852;903.1116;141.76689;0.98955894;0.47037062;0.13126564;925.0533;120.73201;0.975436;0.4817986;0.1117889;881.20465;117.632744;0.9489131;0.45896074;0.10891921;979.6213;82.95621;0.83023286;0.5102194;0.076811306;860.5306;78.178734;0.5720313;0.448193;0.07238772;1056.763;164.37485;0.9946538;0.55039734;0.15219893;808.56213;127.13727;0.9892616;0.4211261;0.117719695;1130.0885;327.33984;0.98505497;0.58858776;0.30309245;651.4129;190.51741;0.9617107;0.33927757;0.17640501;1110.2194;495.18484;0.98133564;0.57823926;0.4585045;638.82336;360.1553;0.9573891;0.3327205;0.33347714;1016.30896;449.58875;0.9902892;0.5293276;0.41628587;866.27515;438.40845;0.98766637;0.45118496;0.40593374;1011.62775;624.00146;0.9335116;0.52688944;0.5777791;857.82623;639.8776;0.9131628;0.4467845;0.5924793;994.1893;738.4129;0.64343005;0.5178069;0.68371564;842.16125;769.1281;0.59696853;0.43862566;0.71215564
0.95597;877.0;346.0;560.0;686.0;0.45677084;0.32037038;0.29166666;0.6351852;901.00824;144.02756;0.98979294;0.46927512;0.13335885;922.7994;123.67662;0.9761338;0.48062468;0.11451539;879.7859;120.08853;0.949033;0.45822182;0.11119308;976.7302;86.39857;0.8356806;0.50871366;0.07999867;859.98376;80.29175;0.5696941;0.44790822;0.07434421;1054.2013;166.31284;0.9949823;0.54906315;0.15399337;807.31866;126.08521;0.9893784;0.42047846;0.11674557;1129.8254;328.7083;0.9861858;0.58845073;0.30435956;649.3836;184.92084;0.962107;0.33822063;0.171223;1110.16;495.27405;0.9825433;0.5782083;0.45858708;632.5247;356.9376;0.9577238;0.32943997;0.33049777;1013.76636;449.33627;0.9905862;0.52800333;0.4160521;864.3164;436.64703;0.98774594;0.4501648;0.4043028;1010.5582;624.2864;0.93225485;0.52633244;0.5780429;855.10095;636.9768;0.9094109;0.44536507;0.5897933;994.01263;733.20764;0.63554054;0.5177149;0.67889595;839.6646;760.9475;0.5854423;0.43732533;0.704581
0.9561111;874.5;345.5;563.0;687.0;0.45546874;0.3199074;0.29322916;0.63611114;896.9748;148.9627;0.9894883;0.46717438;0.13792843;918.0319;126.13625;0.9764506;0.47814164;0.11679283;877.01404;123.63501;0.954918;0.45677814;0.11447686;971.6453;90.215546;0.8210163;0.50606525;0.083532915;857.36523;86.54238;0.6004212;0.44654438;0.080131836;1046.8518;171.17377;0.99410063;0.54523534;0.15849423;809.3663;132.92848;0.98952186;0.42154494;0.12308193;1131.888;327.44504;0.9818541;0.589525;0.30318984;637.258;193.44548;0.9616536;0.33190522;0.17911619;1114.4283;493.73724;0.97007364;0.5804314;0.4571641;623.04517;360.051;0.9517883;0.32450268;0.33338055;1007.1968;451.66983;0.991351;0.5245817;0.4182128;862.1562;439.1976;0.9895676;0.44903967;0.40666443;999.00574;622.31323;0.9265566;0.52031547;0.576216;858.1238;646.37787;0.9165018;0.44693947;0.59849805;980.3553;738.4863;0.57469404;0.5106017;0.68378365;822.27216;783.6028;0.5516032;0.42826673;0.72555816
0.9551534;871.0;345.5;568.0;687.0;0.45364583;0.3199074;0.29583332;0.63611114;895.6835;153.55908;0.98971725;0.4665018;0.14218433;917.46155;130.88649;0.9759143;0.47784457;0.121191196;875.24585;127.606705;0.9571775;0.45585722;0.118154354;970.88367;94.40239;0.81437117;0.5056686;0.08740962;853.5941;88.954865;0.6192833;0.44458026;0.08236562;1044.6749;174.46872;0.9942246;0.54410154;0.16154511;804.14984;135.47708;0.9906523;0.41882804;0.12544174;1131.4943;327.5104;0.98194385;0.58931994;0.30325037;633.88824;192.12437;0.9664211;0.33015013;0.17789294;1113.5149;492.93103;0.970564;0.5799557;0.45641762;614.89307;362.3876;0.9567197;0.3202568;0.33554408;1005.4717;450.03397;0.99182844;0.5236832;0.41669813;858.87805;438.16562;0.9906376;0.44733232;0.4057089;1000.12646;616.9504;0.92961574;0.5208992;0.5712504;855.80164;645.5528;0.92350453;0.44573003;0.5977341;977.1092;724.37256;0.59027946;0.508911;0.67071533;821.4959;778.1583;0.572809;0.42786247;0.720517
0.9558103;865.5;346.0;575.0;686.0;0.45078126;0.32037038;0.29947916;0.6351852;893.3634;152.81717;0.98852926;0.46529344;0.14149737;915.72437;133.75046;0.97457945;0.47693977;0.123843014;872.7721;128.70515;0.9414393;0.4545688;0.11917144;971.16473;97.640854;0.8358626;0.50581497;0.0904082;853.02026;89.07445;0.53338313;0.4442814;0.08247634;1049.1691;172.78918;0.9947339;0.5464422;0.15998998;797.63544;133.37065;0.98740816;0.41543514;0.12349135;1127.0698;327.60562;0.9864053;0.5870155;0.30333853;634.56616;182.71689;0.95642614;0.3305032;0.1691823;1109.1057;494.69394;0.9827722;0.57765925;0.45804995;610.8448;359.1107;0.9524683;0.31814831;0.3325099;1010.53186;455.4322;0.99036866;0.52631867;0.42169648;857.7082;445.11862;0.9867684;0.446723;0.41214687;1011.3717;618.8295;0.93409204;0.5267561;0.5729903;848.5551;643.03436;0.90722895;0.44195578;0.5954022;992.9343;722.57983;0.65463865;0.5171533;0.6690554;836.29816;770.45123;0.5933512;0.43557197;0.71338075
0.95755357;863.0;345.0;578.0;686.0;0.44947916;0.31944445;0.30104166;0.6351852;889.6665;161.1372;0.9893281;0.46336797;0.14920112;913.42584;139.66205;0.9778836;0.47574264;0.12931672;870.60974;135.86652;0.95395803;0.45344257;0.12580232;967.6309;104.55197;0.84939474;0.50397444;0.09680738;849.08923;96.625854;0.60490286;0.44223398;0.08946838;1040.5836;182.87752;0.9953542;0.5419706;0.16933103;798.7065;141.42871;0.98775566;0.41599295;0.1309525;1130.5457;334.2827;0.98592013;0.5888259;0.30952102;623.3553;190.19312;0.9535439;0.3246642;0.17610474;1105.8784;498.9223;0.9752661;0.57597834;0.46196508;601.2114;359.71915;0.9427772;0.31313094;0.3330733;1002.4098;456.2037;0.99153954;0.5220884;0.42241085;855.72424;444.74652;0.98808855;0.4456897;0.41180232;1001.0636;620.9843;0.931591;0.5213873;0.5749855;852.83276;645.7057;0.90481865;0.44418374;0.59787565;983.0834;727.064;0.60183316;0.5120226;0.6732074;822.8502;774.933;0.5393407;0.42856783;0.71753055
0.95903057;857.5;345.0;587.0;684.0;0.4466146;0.31944445;0.30572918;0.6333333;888.43964;166.69461;0.99056506;0.46272898;0.15434687;912.18036;144.54929;0.97997105;0.47509393;0.13384193;868.3027;141.40327;0.96051335;0.45224097;0.13092896;965.9815;107.85855;0.8545686;0.50311536;0.09986903;844.8842;101.4212;0.63707507;0.44004387;0.09390852;1038.4641;185.04158;0.9955384;0.54086673;0.1713348;794.47174;144.62924;0.9892307;0.41378736;0.13391596;1129.2145;335.10965;0.9857042;0.58813256;0.3102867;618.73267;190.87735;0.9576272;0.3222566;0.17673829;1105.2697;497.99408;0.9748123;0.5756613;0.4611056;594.0344;360.99234;0.9459559;0.30939293;0.33425218;1001.7047;455.7269;0.99133474;0.5217212;0.42196935;853.68756;445.25253;0.98832256;0.44462892;0.41227087;999.7541;620.49744;0.9258981;0.5207053;0.57453465;849.8343;648.415;0.9004427;0.44262204;0.60038424;984.12036;718.2695;0.5782996;0.5125627;0.66506433;826.7807;767.1414;0.5199729;0.43061495;0.7103161
0.9577296;853.5;345.5;591.0;685.0;0.44453126;0.3199074;0.3078125;0.6342593;884.04407;169.35168;0.9904546;0.46043962;0.15680711;907.721;146.86061;0.98031026;0.47277135;0.13598205;863.5677;144.00687;0.9586527;0.44977483;0.13333969;963.1033;110.271675;0.8620401;0.5016163;0.102103405;840.7724;104.90147;0.6226619;0.4379023;0.097130984;1037.7695;187.70573;0.99577457;0.540505;0.1738016;792.7193;147.80338;0.98922324;0.41287464;0.13685498;1128.2534;336.81857;0.986684;0.587632;0.31186906;615.6398;189.83319;0.95750886;0.32064572;0.17577147;1104.2178;499.33978;0.97616994;0.5751134;0.46235165;586.95044;356.66138;0.9456822;0.30570334;0.330242;1002.70917;457.5131;0.99182266;0.52224433;0.42362323;853.7717;447.07224;0.9886925;0.44467276;0.41395578;1000.0402;617.9048;0.9296084;0.5208543;0.5721341;848.16156;646.5414;0.9028906;0.44175082;0.59864944;984.54205;714.8862;0.59140474;0.51278234;0.6619317;827.47235;763.912;0.52959;0.43097517;0.70732594
0.9575137;849.5;346.0;595.0;682.0;0.44244793;0.32037038;0.30989584;0.63148147;880.1951;171.8524;0.9904379;0.45843497;0.1591226;903.986;150.15358;0.9808899;0.47082606;0.1390311;860.7503;146.25206;0.95842105;0.44830745;0.13541858;960.2046;114.77196;0.8662404;0.5001066;0.10627033;839.52875;107.25545;0.61726034;0.43725455;0.0993106;1035.4764;191.27284;0.9957231;0.53931063;0.17710449;790.0952;150.97314;0.9884172;0.41150793;0.13978995;1125.709;337.08502;0.9864087;0.58630675;0.31211576;611.6772;192.1209;0.9533101;0.31858188;0.17788972;1103.7883;499.38025;0.97545093;0.5748898;0.4623891;581.1654;359.0061;0.9408446;0.30269033;0.33241305;1000.3112;458.3658;0.99156684;0.52099544;0.4244128;851.0904;448.20633;0.98800373;0.44327626;0.41500586;1001.2046;620.4278;0.9306076;0.5214607;0.57447016;847.262;649.4773;0.90205616;0.4412823;0.6013679;982.8132;719.5255;0.5967954;0.5118819;0.66622734;825.45764;773.47687;0.531018;0.42992586;0.7161823
0.95716745;846.0;348.0;596.0;680.0;0.440625;0.32222223;0.31041667;0.6296296;878.12427;178.25194;0.98730344;0.4573564;0.1650481;901.74976;156.99922;0.9731714;0.46966133;0.14536965;859.232;153.18169;0.94768125;0.44751665;0.1418349;957.0044;120.6389;0.8349465;0.4984398;0.11170269;837.7572;112.881485;0.60010684;0.43633187;0.104519896;1032.6471;193.32977;0.995034;0.537837;0.17900905;786.7367;152.70535;0.98881114;0.4097587;0.14139384;1123.1151;339.2992;0.9852544;0.5849558;0.31416592;606.8679;195.23387;0.960376;0.31607705;0.1807721;1102.7678;500.0918;0.97394264;0.5743582;0.46304795;577.342;363.9254;0.9479302;0.30069894;0.33696797;999.28296;458.41516;0.9924993;0.5204599;0.42445847;849.79364;448.19342;0.9902784;0.44260085;0.4149939;999.5329;620.8318;0.9387691;0.52059007;0.57484424;846.68634;648.0824;0.9200659;0.44098246;0.6000763;980.48627;720.3106;0.6336875;0.51066995;0.6669543;824.83685;774.19574;0.5834057;0.42960253;0.7168479
0.95881927;841.5;349.0;601.0;678.0;0.43828124;0.32314816;0.31302083;0.62777776;874.7774;181.71768;0.9857656;0.45561323;0.16825712;898.0492;160.4612;0.9705823;0.46773395;0.14857519;856.2463;157.08032;0.942536;0.4459616;0.14544474;953.78253;123.208534;0.82487583;0.49676174;0.11408198;835.747;116.28601;0.580144;0.4352849;0.10767223;1030.3068;192.89488;0.99423474;0.5366181;0.17860638;784.9041;152.62221;0.98706263;0.40880424;0.14131686;1119.7407;339.5104;0.983546;0.5831983;0.31436148;603.406;196.73947;0.95608145;0.31427395;0.18216617;1100.7524;500.46378;0.9713812;0.5733086;0.46339238;571.0269;363.95007;0.9431402;0.29740986;0.3369908;996.85254;460.1552;0.99151516;0.519194;0.42606965;846.7638;449.78333;0.98900396;0.4410228;0.41646603;1000.26105;623.2847;0.9331606;0.5209693;0.5771155;844.05853;648.436;0.9128187;0.43961382;0.60040367;982.8906;725.6313;0.61733514;0.5119222;0.67188084;820.90173;776.21875;0.5669012;0.427553;0.7187211
0.959036;837.0;351.0;606.0;674.0;0.4359375;0.325;0.315625;0.6240741;871.7071;187.35745;0.98683155;0.45401412;0.17347912;895.51245;165.95618;0.97332776;0.46641272;0.15366313;852.84155;162.55527;0.9484869;0.4441883;0.15051414;951.88916;130.19014;0.83100975;0.4957756;0.12054642;831.5948;123.28283;0.59605074;0.43312228;0.11415077;1027.6948;196.25024;0.9938617;0.5352577;0.1817132;782.5152;156.24857;0.9867278;0.40756;0.1446746;1116.984;340.1229;0.98168623;0.5817625;0.3149286;601.38135;197.44775;0.9537585;0.31321946;0.18282199;1099.0883;500.61386;0.96839213;0.5724418;0.46353135;566.12964;362.1352;0.9398533;0.2948592;0.33531037;996.62256;457.85477;0.990668;0.51907426;0.4239396;845.7527;447.52057;0.9881678;0.44049618;0.4143709;1000.00586;624.81525;0.93069404;0.5208364;0.57853264;842.2092;648.5779;0.9112706;0.43865064;0.6005351;985.7875;732.45154;0.61088246;0.51343095;0.6781959;819.1736;781.74536;0.5638006;0.4266529;0.72383827
0.9582716;833.0;354.0;608.0;670.0;0.43385416;0.32777777;0.31666666;0.6203704;865.5414;192.3083;0.9860896;0.4508028;0.17806324;889.657;171.30038;0.97432023;0.46336302;0.15861146;847.7375;166.85184;0.9424425;0.44152993;0.15449244;950.23267;136.28929;0.8443238;0.49491283;0.12619379;829.6346;127.68256;0.55291563;0.43210134;0.1182246;1027.9502;200.3699;0.9938385;0.53539073;0.18552768;780.932;160.0025;0.98385864;0.40673542;0.14815046;1113.7526;340.60916;0.9825486;0.58007944;0.31537884;596.01495;201.1121;0.9428677;0.31042445;0.18621491;1097.7665;500.80017;0.9694285;0.5717534;0.46370387;559.81384;367.39545;0.92856246;0.2915697;0.34018096;994.1252;459.12436;0.9905844;0.5177735;0.42511514;841.47876;448.40295;0.98679835;0.43827018;0.41518793;1001.94214;626.72925;0.93458605;0.52184486;0.58030486;839.7937;647.9563;0.90854067;0.43739256;0.59995955;987.9064;739.9179;0.6264291;0.5145346;0.6851092;817.1999;790.36346;0.56673133;0.42562494;0.731818
0.9576053;829.5;356.0;611.0;666.0;0.43203124;0.32962963;0.31822917;0.6166667;864.8059;196.70673;0.9870755;0.45041975;0.18213585;889.29333;175.56001;0.9755073;0.4631736;0.16255556;846.7623;170.966;0.9482374;0.44102204;0.15830186;947.879;139.62547;0.84148407;0.493687;0.12928285;826.7706;130.11942;0.5778443;0.4306097;0.12048094;1023.76117;203.95876;0.993845;0.53320897;0.1888507;776.38245;162.76007;0.98454595;0.40436587;0.15070377;1112.3119;341.82513;0.9819487;0.57932913;0.31650475;590.46466;204.15202;0.9441056;0.30753368;0.18902965;1095.9968;500.2087;0.9686214;0.57083166;0.46315622;555.4906;369.1702;0.92999893;0.28931803;0.34182426;991.55444;461.41016;0.99047476;0.5164346;0.42723164;838.9961;450.35132;0.9869071;0.43697712;0.41699195;1000.70276;631.71185;0.935014;0.52119935;0.5849184;838.6331;648.9267;0.9104126;0.43678808;0.60085803;988.8675;749.24713;0.6248704;0.51503515;0.69374734;814.8281;794.1207;0.5681277;0.42438966;0.73529696
0.9556145;825.5;358.5;615.0;663.0;0.4299479;0.33194444;0.3203125;0.61388886;860.67615;200.5312;0.9863239;0.44826883;0.18567704;885.8527;179.76952;0.9744917;0.4613816;0.16645326;843.0621;174.25027;0.94476384;0.43909484;0.16134284;945.4159;144.86565;0.83735764;0.4924041;0.13413486;823.0891;133.38016;0.56063455;0.42869225;0.123500146;1020.3287;207.7621;0.9936039;0.5314212;0.19237232;771.622;166.32253;0.9833839;0.40188646;0.15400234;1108.762;342.88425;0.9819712;0.5774802;0.31748542;582.08075;208.05228;0.9413986;0.30316705;0.19264099;1094.094;500.79715;0.9690374;0.5698406;0.46370107;550.3769;376.56668;0.9282363;0.28665462;0.34867287;989.946;462.3948;0.99073946;0.51559687;0.42814335;836.17584;451.94644;0.98704785;0.43550825;0.41846892;1000.8886;629.8385;0.9408923;0.52129614;0.5831838;836.4853;647.68805;0.9169713;0.43566942;0.5997112;991.82745;752.586;0.65194947;0.5165768;0.6968389;809.4295;801.7352;0.5935987;0.42157787;0.7423474
0.9556608;820.5;361.0;613.0;660.0;0.42734376;0.33425927;0.31927082;0.6111111;860.88226;203.50731;0.991835;0.44837618;0.1884327;883.9975;184.11461;0.98218966;0.46041536;0.1704765;839.6312;178.60254;0.9627303;0.43730792;0.16537271;942.16266;148.80438;0.8475796;0.49070972;0.13778183;816.85645;140.0138;0.6040726;0.42544606;0.1296424;1016.7094;206.86162;0.99419385;0.5295361;0.19153854;765.13385;167.63489;0.9893225;0.3985072;0.15521748;1104.2585;344.13486;0.98275924;0.57513463;0.3186434;579.4818;207.59445;0.9593744;0.30181345;0.19221708;1095.4747;497.67334;0.9757682;0.57055974;0.46080863;540.01556;379.8252;0.95292693;0.2812581;0.35169;987.6971;459.93073;0.9901024;0.5144256;0.42586178;833.3326;449.8602;0.9879396;0.43402737;0.41653723;999.1775;619.29205;0.93463457;0.52040493;0.57341856;831.31226;644.5644;0.921831;0.43297514;0.59681886;987.7583;738.14746;0.64099723;0.51445746;0.6834699;798.2034;793.77924;0.60990554;0.41573095;0.73498076
0.95646703;816.0;362.5;616.0;657.0;0.425;0.33564815;0.32083333;0.60833335;857.75244;209.45755;0.9911851;0.44674605;0.19394217;880.6688;189.84343;0.9806666;0.45868167;0.17578095;836.6058;184.65509;0.9606074;0.4357322;0.17097694;938.4789;152.88686;0.8390671;0.48879108;0.14156191;813.94977;144.56831;0.59984815;0.42393216;0.13385954;1013.9815;209.4787;0.99380785;0.5281154;0.19396175;761.2;170.23334;0.98894495;0.39645833;0.15762345;1100.8843;345.61847;0.98204976;0.57337725;0.3200171;573.95856;212.9204;0.959125;0.29893675;0.19714852;1092.6392;497.7051;0.9749953;0.5690829;0.46083805;535.00415;386.90726;0.95280826;0.278648;0.35824746;985.41455;458.17963;0.989938;0.51323676;0.42424038;830.3053;447.7103;0.9878842;0.43245068;0.41454658;999.8789;624.11554;0.9330128;0.52077025;0.57788473;829.34314;644.11633;0.92056125;0.43194956;0.596404;989.1074;743.66565;0.63249046;0.51516014;0.6885793;795.9124;791.9;0.60411596;0.41453773;0.7332408
0.9566174;812.5;364.5;619.0;653.0;0.4231771;0.3375;0.32239583;0.60462964;854.25494;214.01436;0.9904868;0.44492444;0.19816144;876.8191;194.33475;0.97981334;0.4566766;0.17993958;833.47034;189.5505;0.95691186;0.43409914;0.17550972;935.4047;156.94853;0.83942825;0.48718995;0.14532271;811.74536;149.66498;0.57912594;0.42278403;0.13857868;1012.2942;212.39658;0.99367225;0.5272366;0.1966635;759.22437;174.5636;0.9879287;0.39542934;0.16163296;1099.126;348.10968;0.9823156;0.5724614;0.32232377;569.0726;218.51968;0.9558227;0.29639196;0.20233305;1090.1719;498.97104;0.9752924;0.56779784;0.46201023;531.29034;393.3007;0.9498674;0.27671373;0.3641673;983.65063;456.32715;0.9902159;0.512318;0.42252514;828.71967;446.5274;0.9878078;0.43162483;0.4134513;996.2635;624.1309;0.9381069;0.5188872;0.577899;827.56665;644.8368;0.92400813;0.43102428;0.5970711;987.8572;750.6318;0.6519464;0.51450896;0.69502944;793.80597;798.61835;0.6191412;0.41344061;0.7394614
0.95615864;808.5;366.0;619.0;650.0;0.42109376;0.33888888;0.32239583;0.6018519;850.2179;215.96338;0.9883731;0.44282183;0.19996609;873.2988;197.88739;0.97674567;0.45484313;0.18322906;831.51605;190.88353;0.94568574;0.43308127;0.17674401;932.73694;162.5739;0.83544964;0.48580047;0.15053138;811.60455;150.62938;0.52987444;0.42271072;0.13947165;1009.0126;216.16438;0.9931108;0.52552736;0.2001522;755.15155;177.79504;0.9850428;0.3933081;0.16462503;1095.4554;349.43637;0.9825236;0.5705497;0.3235522;563.4694;225.49709;0.947314;0.29347366;0.2087936;1085.87;500.89087;0.97558683;0.5655573;0.46378785;528.2393;402.78995;0.9425979;0.27512464;0.37295365;982.1931;457.7764;0.98939276;0.5115589;0.42386705;826.3777;448.55652;0.98577785;0.43040505;0.4153301;997.4574;626.50287;0.9314201;0.5195091;0.58009523;827.11066;646.3468;0.91024524;0.4307868;0.59846926;990.9324;741.5004;0.6290846;0.5161106;0.68657446;795.76373;796.2887;0.58488476;0.41446027;0.73730433
0.95517385;806.5;368.5;619.0;645.0;0.42005208;0.3412037;0.32239583;0.5972222;848.4989;221.76865;0.98969895;0.4419265;0.20534134;871.96436;203.50351;0.9796693;0.4541481;0.18842918;829.0858;196.5165;0.95279485;0.43181553;0.18195972;932.7538;167.62408;0.84324485;0.48580927;0.15520748;807.9566;156.2051;0.54970384;0.42081073;0.14463435;1007.7316;216.79697;0.9930594;0.5248602;0.20073794;752.031;181.63817;0.98508924;0.3916828;0.16818349;1092.2563;351.12207;0.9815933;0.56888354;0.32511303;559.0992;235.18428;0.9449469;0.29119748;0.21776322;1081.4498;502.71222;0.9743798;0.56325513;0.46547428;527.4011;413.03992;0.9401987;0.2746881;0.38244438;981.90216;455.42902;0.98859775;0.5114074;0.42169353;824.751;448.4079;0.984797;0.4295578;0.41519248;996.51184;625.50385;0.930042;0.51901656;0.5791702;827.57544;650.484;0.90884453;0.43102887;0.6023;991.1657;743.7248;0.6262101;0.51623213;0.68863404;795.3005;805.0754;0.581325;0.414219;0.7454402
0.9542212;803.0;370.5;620.0;641.0;0.41822916;0.34305555;0.32291666;0.5935185;845.3549;226.21774;0.990342;0.44028902;0.20946087;869.558;208.34688;0.98171693;0.45289478;0.19291377;825.9983;200.63187;0.95604986;0.43020743;0.18577024;931.4308;173.43384;0.8496371;0.4851202;0.1605869;804.19965;160.6567;0.5488891;0.41885397;0.14875619;1004.626;219.21455;0.9925955;0.5232427;0.20297644;749.0345;185.62473;0.98306155;0.39012212;0.17187475;1089.1326;352.75693;0.98006135;0.56725657;0.32662678;556.12177;241.82588;0.9355281;0.28964674;0.22391285;1077.0386;504.21432;0.97259504;0.5609576;0.46686512;524.4426;422.6891;0.9319756;0.2731472;0.3913788;981.14484;455.5447;0.98691946;0.5110129;0.42180064;823.5475;449.95688;0.98207515;0.42893097;0.41662675;995.703;622.60565;0.9281434;0.51859534;0.5764867;825.8211;651.60535;0.9039907;0.43011516;0.6033383;992.476;747.3547;0.6284834;0.5169146;0.6919951;790.18854;816.37836;0.57796293;0.41155654;0.75590587
0.9533781;799.5;372.0;621.0;638.0;0.41640624;0.34444445;0.3234375;0.59074074;844.6687;229.44443;0.98986024;0.4399316;0.21244854;868.26874;211.1353;0.9808404;0.4522233;0.19549565;825.2926;204.5858;0.9548118;0.4298399;0.1894313;929.18427;175.92148;0.84608936;0.48395014;0.16289026;803.8882;165.5576;0.54946303;0.41869175;0.15329407;1003.10657;221.9936;0.99236894;0.52245134;0.20554964;749.06036;190.79527;0.9827618;0.39013562;0.1766623;1086.3658;355.1371;0.9793082;0.56581557;0.32883063;555.2675;249.01039;0.93397975;0.28920183;0.23056518;1071.2081;506.97815;0.9712502;0.5579209;0.46942422;521.599;430.65884;0.9293446;0.27166614;0.3987582;979.5031;457.49377;0.98708725;0.5101579;0.42360535;823.10675;452.58966;0.98234427;0.42870143;0.4190645;996.3851;622.1334;0.9331669;0.5189506;0.57604945;826.7875;650.68475;0.91054106;0.43061846;0.6024859;992.7061;757.9127;0.6504782;0.5170344;0.701771;791.41614;822.7563;0.6016753;0.4121959;0.7618114
0.95315385;795.5;373.5;619.0;633.0;0.4143229;0.34583333;0.32239583;0.5861111;839.91455;231.01167;0.98712707;0.4374555;0.2138997;863.56586;213.35765;0.9770254;0.44977388;0.19755338;822.27637;205.81404;0.94034034;0.42826894;0.19056855;927.1841;178.80612;0.8408885;0.48290837;0.16556123;0.0;0.0;0.49032536;0.0;0.0;1001.76526;223.6507;0.99173343;0.5217527;0.20708397;747.2754;193.35416;0.97912633;0.38920593;0.17903163;1081.0521;356.12982;0.9798895;0.563048;0.32974982;551.21796;256.78366;0.92425096;0.2870927;0.23776264;1065.9844;508.44913;0.97188944;0.5552002;0.47078624;519.47723;442.66922;0.92075545;0.27056107;0.4098789;976.5864;457.67075;0.9869177;0.50863874;0.4237692;819.66144;453.2928;0.98087275;0.426907;0.41971555;996.2688;626.5674;0.9301169;0.51889;0.58015496;826.8349;653.517;0.9008889;0.43064317;0.6051084;994.85034;753.9545;0.6387363;0.5181512;0.69810605;794.8466;821.1847;0.5806385;0.4139826;0.7603562
0.9532601;792.0;374.5;618.0;631.0;0.4125;0.34675926;0.321875;0.5842593;841.51447;234.13948;0.9881258;0.43828878;0.21679582;865.1692;216.10031;0.97785324;0.45060894;0.20009288;822.8729;209.18623;0.94777364;0.42857966;0.19369096;926.45123;180.33821;0.8363436;0.4825267;0.16697982;801.9811;169.33969;0.5292242;0.41769847;0.15679601;998.5922;224.24286;0.99179584;0.5201001;0.20763227;744.52954;196.55553;0.98122406;0.3877758;0.18199585;1077.7556;356.21475;0.9788245;0.56133103;0.32982847;548.8599;264.83853;0.9292338;0.28586453;0.24522087;1061.7606;508.9075;0.97025126;0.55300033;0.47121066;517.75714;456.10464;0.9233741;0.26966518;0.4223191;974.9176;459.30322;0.98656046;0.5077696;0.42528075;818.7662;456.5326;0.9812137;0.42644072;0.42271537;995.75867;623.7657;0.9296133;0.5186243;0.57756084;828.985;652.9247;0.90374136;0.43176302;0.6045599;993.3221;753.5907;0.6416262;0.51735526;0.69776917;798.58466;820.71295;0.5888184;0.4159295;0.7599194
0.95181197;790.0;375.5;614.0;631.0;0.41145834;0.3476852;0.31979167;0.5842593;840.06555;236.99338;0.98597383;0.43753415;0.21943831;863.4205;219.06898;0.9740611;0.44969815;0.20284165;821.7794;212.47073;0.94030833;0.4280101;0.19673216;925.219;183.17633;0.82382834;0.4818849;0.16960771;801.5471;173.07266;0.51283;0.41747245;0.16025247;997.35645;225.27498;0.99070144;0.5194565;0.20858794;743.48035;200.0566;0.9798406;0.38722935;0.18523759;1073.9747;361.40482;0.9765736;0.5593618;0.3346341;547.55554;274.62802;0.92641854;0.2851852;0.25428522;1057.2878;512.9764;0.96690726;0.55067074;0.47497812;516.0442;465.17715;0.91841775;0.26877302;0.43071958;973.1946;460.65994;0.98546404;0.5068722;0.42653698;817.398;459.42874;0.9801052;0.42572814;0.42539698;992.7939;625.318;0.9244474;0.5170801;0.57899815;831.45465;658.12415;0.898747;0.4330493;0.6093742;990.2622;751.06934;0.63032764;0.51576155;0.6954346;806.0345;822.9866;0.5794805;0.41980964;0.7620246
0.9523311;787.5;377.0;609.0;628.0;0.41015625;0.34907407;0.3171875;0.58148146;837.8255;240.02943;0.98564214;0.43636745;0.22224948;862.32587;222.25891;0.97359425;0.44912806;0.20579529;819.7013;214.42174;0.9408695;0.42692775;0.19853865;925.9272;186.26788;0.8149675;0.48225373;0.17247026;798.6125;173.61012;0.5110673;0.415944;0.16075012;995.36725;226.8821;0.9891828;0.51842046;0.21007602;740.5447;203.8634;0.97780514;0.38570035;0.18876241;1069.3126;361.0166;0.972528;0.55693364;0.33427462;545.0753;286.50952;0.9192749;0.2838934;0.2652866;1053.634;512.4421;0.96251625;0.54876775;0.4744834;516.07196;482.6077;0.9115474;0.26878747;0.44685897;973.39276;457.7443;0.98244816;0.5069754;0.4238373;816.9489;458.04364;0.9765678;0.42549422;0.4241145;993.2871;622.47076;0.9158286;0.517337;0.57636184;832.0657;655.7793;0.88988864;0.43336755;0.60720307;990.687;745.6688;0.6146818;0.5159828;0.6904341;803.60895;823.36584;0.56622505;0.41854632;0.7623758
0.9529059;785.5;376.5;605.0;627.0;0.40911457;0.34861112;0.31510416;0.58055556;835.3671;241.64159;0.9883824;0.43508705;0.22374222;860.63275;223.94151;0.97824156;0.4482462;0.20735325;817.076;215.0045;0.95226425;0.4255604;0.19907825;925.3999;188.50475;0.8307799;0.4819791;0.17454143;795.48254;173.78883;0.54849595;0.41431382;0.16091558;992.94324;229.20969;0.99011093;0.5171579;0.21223119;738.576;208.16345;0.9809356;0.384675;0.19274394;1066.4908;361.823;0.97266215;0.55546397;0.3350213;544.7849;295.8196;0.92508197;0.28374213;0.27390704;1050.319;514.153;0.9625955;0.5470411;0.4760676;515.3788;492.2506;0.91568464;0.26842645;0.4557876;973.48004;458.83612;0.98144686;0.50702083;0.42484826;817.461;460.38293;0.9759494;0.42576092;0.4262805;992.4537;620.4122;0.9082785;0.516903;0.57445574;832.1931;655.34106;0.8831957;0.43343392;0.6067973;990.0204;732.9787;0.5927155;0.5156356;0.678684;804.63556;816.9406;0.5470926;0.41908103;0.7564265
0.9506619;785.0;377.0;602.0;626.0;0.40885416;0.34907407;0.31354168;0.5796296;835.7472;243.01021;0.9840337;0.435285;0.22500946;859.87024;224.47542;0.97048134;0.4478491;0.20784761;817.5641;217.41975;0.93341696;0.42581463;0.20131458;923.5231;187.31291;0.8109778;0.4810016;0.17343788;0.0;0.0;0.49711013;0.0;0.0;992.5708;228.5278;0.98990333;0.51696396;0.21159981;737.7989;212.95253;0.97896016;0.38427025;0.19717827;1064.6691;362.82788;0.97527266;0.5545151;0.33595175;543.3422;307.56268;0.9228422;0.28299075;0.28478026;1047.0529;515.48096;0.96493727;0.54534;0.4772972;516.46985;505.21402;0.91205215;0.26899472;0.46779075;970.78424;456.9374;0.9850899;0.5056168;0.4230902;815.08466;460.9607;0.9795186;0.42452326;0.42681545;991.12726;622.6138;0.9264081;0.5162121;0.5764942;833.11163;660.88586;0.9006589;0.4339123;0.6119314;991.30975;744.1785;0.64407355;0.5163072;0.6890542;810.605;825.2133;0.5922872;0.4221901;0.7640864
0.94792295;785.0;377.5;598.0;625.0;0.40885416;0.34953704;0.31145832;0.5787037;836.6071;245.19128;0.9872639;0.43573287;0.22702897;861.6197;226.79599;0.97446024;0.44876024;0.20999628;817.5248;218.98354;0.94825727;0.42579415;0.20276253;923.942;189.85196;0.81717414;0.4812198;0.17578885;793.4101;177.66046;0.5582344;0.4132344;0.16450043;987.8463;229.54514;0.9914119;0.5145033;0.21254179;735.17926;216.76837;0.98461735;0.38290587;0.20071146;1061.4653;362.91342;0.97701424;0.55284655;0.33603096;545.29706;318.81833;0.94003105;0.2840089;0.29520217;1043.6237;517.1385;0.9669156;0.543554;0.47883195;517.5411;515.443;0.9272089;0.26955265;0.47726202;968.31433;454.14893;0.9866355;0.5043304;0.42050827;813.87933;459.66504;0.9828645;0.42389548;0.4256158;990.28076;618.04956;0.92984235;0.5157712;0.5722681;832.3887;657.16534;0.9106907;0.43353575;0.6084864;991.44147;728.718;0.6528329;0.5163758;0.6747389;807.88116;812.76843;0.61060035;0.42077145;0.75256336
0.9475488;784.5;378.0;593.0;622.0;0.40859374;0.35;0.30885416;0.57592595;834.7423;246.10162;0.9876865;0.4347616;0.22787188;859.5586;227.32608;0.9757287;0.44768676;0.21048711;815.6388;220.00229;0.94964224;0.42481187;0.20370582;921.82526;191.11212;0.8281376;0.48011732;0.17695567;791.4285;180.3161;0.56776696;0.41220236;0.16695936;985.4006;230.0571;0.9922131;0.5132295;0.21301582;731.64514;223.01538;0.9851693;0.3810652;0.20649572;1058.5347;361.18335;0.9786901;0.55132014;0.33442903;543.4799;333.38684;0.9380655;0.28306246;0.30869153;1040.629;515.43866;0.9681585;0.5419943;0.47725803;521.7233;527.0506;0.9233978;0.2717309;0.4880098;964.98816;447.39578;0.98726094;0.502598;0.41425535;810.1949;455.7813;0.9828582;0.4219765;0.42201972;989.5679;612.30536;0.9333691;0.51539993;0.5669494;832.50714;653.3746;0.91130537;0.43359748;0.6049765;990.6296;724.6379;0.662961;0.5159529;0.670961;812.9667;808.29694;0.6147648;0.42342013;0.7484231
0.9478533;785.5;379.0;587.0;622.0;0.40911457;0.35092592;0.30572918;0.57592595;831.9311;247.76625;0.98303807;0.43329746;0.2294132;858.5832;229.16194;0.96742904;0.44717875;0.21218698;815.3044;220.795;0.93219763;0.4246377;0.20443982;921.0152;192.54639;0.81156945;0.4796954;0.17828369;793.2151;177.69136;0.5284205;0.41313285;0.16452904;984.90436;230.9805;0.9919572;0.51297104;0.21387084;731.10583;224.5708;0.98046905;0.3807843;0.20793593;1061.3083;364.34583;0.9792829;0.5527648;0.33735725;547.242;344.01782;0.92430556;0.28502187;0.31853503;1042.645;518.8185;0.96834445;0.54304427;0.48038748;530.22314;532.49854;0.9083664;0.2761579;0.4930542;962.9273;451.5121;0.98653513;0.5015246;0.41806674;806.072;460.46753;0.98010224;0.4198292;0.42635882;992.99457;619.6105;0.93560237;0.5171847;0.5737134;833.17737;652.4328;0.9022469;0.43394655;0.60410446;995.5822;722.19434;0.6774365;0.5185324;0.66869843;821.4492;801.2186;0.60426795;0.42783815;0.7418691
0.94903696;786.0;379.5;580.0;621.0;0.409375;0.3513889;0.30208334;0.575;831.8507;248.19695;0.98184574;0.43325558;0.22981198;858.10223;229.602;0.9649907;0.44692823;0.21259445;815.5999;221.42336;0.929123;0.42479163;0.20502162;919.58496;192.91621;0.8026989;0.4789505;0.17862612;794.0616;178.44672;0.5251353;0.41357374;0.16522844;983.29987;229.3721;0.9913259;0.5121353;0.21238157;732.0921;225.55565;0.9795456;0.38129798;0.20884782;1058.8416;362.83734;0.977878;0.55148;0.3359605;552.22266;351.33685;0.92190486;0.28761595;0.3253119;1039.8085;517.5396;0.9663027;0.5415669;0.47920334;534.2802;540.8419;0.9044692;0.27827093;0.50077957;961.15857;449.00586;0.98579514;0.50060344;0.41574615;805.4301;458.66592;0.97917926;0.41949484;0.42469066;991.74023;621.6391;0.9330016;0.51653135;0.57559174;831.80054;653.4302;0.89921224;0.43322945;0.6050279;994.1909;725.2311;0.6694266;0.5178078;0.6715103;819.3823;802.9581;0.59723127;0.42676163;0.7434797
0.94871634;786.0;380.0;572.0;624.0;0.409375;0.35185185;0.29791668;0.5777778;832.2819;247.39027;0.98333687;0.43348017;0.22906508;858.7112;228.22385;0.96541584;0.44724542;0.21131837;815.3172;220.04901;0.93531984;0.42464438;0.20374909;919.53796;190.97191;0.80103767;0.47892603;0.17682584;792.4393;176.80225;0.5572875;0.4127288;0.16370578;980.59845;228.47177;0.9923711;0.51072836;0.21154794;730.63385;228.27371;0.9840635;0.38053846;0.21136455;1055.2185;363.23456;0.9798772;0.549593;0.3363283;554.50946;361.60788;0.9380475;0.288807;0.33482212;1035.7129;518.3128;0.96894807;0.5394338;0.47991925;538.50714;553.01624;0.9196835;0.28047246;0.51205206;958.0487;447.26907;0.9876109;0.4989837;0.41413802;803.1684;458.8633;0.9827488;0.41831687;0.42487344;990.6045;619.3079;0.93512917;0.51593983;0.5734333;830.80286;654.4642;0.90669984;0.4327098;0.60598534;993.63306;709.22485;0.6713566;0.5175172;0.6566897;819.81555;791.2372;0.60608256;0.42698726;0.73262703
0.94470084;786.0;381.0;564.0;626.0;0.409375;0.35277778;0.29375;0.5796296;831.1291;247.8549;0.97912383;0.43287975;0.22949529;857.08453;229.56044;0.957996;0.4463982;0.21255596;815.4595;221.21246;0.9186611;0.42471847;0.20482635;917.43335;193.25008;0.7850682;0.47782987;0.17893526;794.3804;178.65436;0.51388174;0.41373977;0.1654207;978.7989;227.3526;0.99157274;0.5097911;0.21051167;731.9701;229.38295;0.98123944;0.38123444;0.21239161;1052.4108;363.5473;0.9796738;0.54813063;0.3366179;557.20905;368.67316;0.93149316;0.29021305;0.34136403;1032.6702;519.2617;0.9683973;0.53784907;0.4807979;541.9466;562.04926;0.91209024;0.28226385;0.52041596;957.50195;450.30652;0.987698;0.49869892;0.4169505;803.9022;462.9085;0.9822062;0.4186991;0.428619;990.22266;618.345;0.9388432;0.515741;0.57254165;830.17474;654.89667;0.9089063;0.43238267;0.6063858;993.22705;713.05096;0.69250363;0.51730573;0.66023237;816.3043;798.4825;0.6236466;0.4251585;0.73933566
0.94199437;787.5;381.5;557.0;627.0;0.41015625;0.35324073;0.29010418;0.58055556;832.9338;247.56523;0.98022294;0.43381968;0.22922707;858.85535;228.19827;0.95943534;0.4473205;0.2112947;816.2185;221.08607;0.92665714;0.4251138;0.20470932;917.40643;190.51215;0.7765295;0.47781584;0.17640014;793.0372;178.22096;0.53763574;0.4130402;0.16501941;977.02057;225.48949;0.99077916;0.5088649;0.20878656;732.0847;230.02707;0.9802377;0.38129413;0.21298803;1049.5023;362.55875;0.97667855;0.5466158;0.33570254;562.6013;374.32593;0.9261504;0.29302153;0.3465981;1029.3798;518.6627;0.9640723;0.5361353;0.48024327;546.4408;567.8173;0.905268;0.28460458;0.5257568;955.2497;449.56927;0.98621595;0.49752587;0.41626784;802.4717;462.68747;0.98038864;0.417954;0.42841431;990.8225;624.53827;0.93670934;0.5160534;0.57827616;830.3824;658.8995;0.90728647;0.43249083;0.6100921;993.42773;732.32227;0.6854515;0.5174103;0.67807615;813.78156;810.0445;0.6188622;0.42384455;0.7500412
0.9437992;788.5;382.5;549.0;629.0;0.41067708;0.35416666;0.2859375;0.5824074;833.77704;248.56064;0.98209184;0.43425888;0.23014873;859.30115;227.76054;0.9619294;0.44755268;0.2108894;815.5981;222.15298;0.9345749;0.42479068;0.20569721;916.8428;186.84628;0.77601564;0.47752228;0.17300582;790.76514;177.74657;0.5644054;0.41185683;0.16458015;976.26526;224.01164;0.9913845;0.5084715;0.20741819;731.5404;232.38011;0.9820049;0.38101062;0.21516678;1047.3229;364.03427;0.9771459;0.54548067;0.33706877;566.0539;384.96185;0.929723;0.29481974;0.35644615;1028.0249;517.6245;0.96431166;0.53542966;0.47928196;553.2477;579.50024;0.9076655;0.28814983;0.5365743;954.21185;452.75888;0.9866239;0.49698535;0.4192212;801.89154;467.21796;0.98111075;0.41765183;0.43260923;991.67694;622.4491;0.94029945;0.5164984;0.57634175;829.7133;657.54456;0.912926;0.43214235;0.60883754;991.32007;737.18115;0.7001747;0.51631254;0.68257517;812.8164;809.9433;0.63589007;0.42334187;0.7499475
0.93758523;790.0;383.0;542.0;636.0;0.41145834;0.35462964;0.28229168;0.5888889;831.30695;248.40143;0.9792475;0.43297237;0.23000132;855.79944;227.38895;0.9570517;0.44572887;0.21054532;813.6173;222.34465;0.91916174;0.423759;0.20587468;914.46643;185.84734;0.7783049;0.4762846;0.17208086;791.4266;178.6563;0.52159077;0.41220134;0.1654225;975.7341;223.12889;0.9923855;0.5081948;0.20660083;733.6658;235.8053;0.9816554;0.3821176;0.21833824;1043.9237;363.32318;0.9815539;0.5437103;0.33641034;572.15295;391.73795;0.9303995;0.29799634;0.3627203;1025.8735;514.81573;0.97002214;0.53430915;0.47668123;559.9834;586.92914;0.90801936;0.291658;0.5434529;951.88116;454.31024;0.98920095;0.49577144;0.42065763;801.2016;470.88895;0.983459;0.4172925;0.43600827;990.82855;619.7247;0.9489628;0.51605654;0.57381916;829.9122;661.44037;0.9198526;0.4322459;0.61244476;988.2442;728.1553;0.73031396;0.51471055;0.6742178;816.1666;807.61456;0.65834934;0.4250868;0.7477913
0.94009346;792.5;383.0;531.0;636.0;0.4127604;0.35462964;0.2765625;0.5888889;831.532;246.14952;0.9820535;0.43308958;0.22791623;855.70447;224.91304;0.96215034;0.4456794;0.20825282;813.3889;220.25162;0.9301852;0.42364007;0.20393668;913.05164;184.0979;0.7911193;0.47554773;0.17046101;790.4464;177.92198;0.5538432;0.41169083;0.16474257;973.25555;221.69623;0.99312264;0.50690395;0.20527428;733.54926;237.92511;0.9836948;0.3820569;0.22030103;1041.1827;359.9088;0.9823745;0.5422827;0.3332489;577.0104;397.65985;0.9341943;0.30052623;0.36820358;1022.1741;512.0363;0.97096515;0.5323823;0.4741077;569.1592;595.21295;0.91106737;0.29643708;0.5511231;951.7139;451.2809;0.98937446;0.49568433;0.4178527;802.2106;469.5812;0.9837795;0.417818;0.4347974;990.36334;615.6832;0.94855726;0.51581424;0.57007706;829.0384;659.6527;0.91941285;0.43179083;0.61078954;988.4185;722.57007;0.7272032;0.5148013;0.66904634;816.5255;802.5359;0.65489054;0.42527372;0.7430888
0.93955195;794.0;382.5;524.0;635.0;0.41354167;0.35416666;0.27291667;0.587963;829.0212;245.50842;0.98017037;0.43178186;0.22732261;852.79926;224.42877;0.95960623;0.44416627;0.20780441;811.72675;219.39671;0.9194057;0.42277434;0.2031451;911.1103;183.06038;0.7927462;0.4745366;0.16950035;791.07043;176.33885;0.518382;0.41201586;0.16327672;973.05176;221.05771;0.9933844;0.5067978;0.20468307;734.66534;238.72578;0.9820879;0.3826382;0.2210424;1039.2128;359.6025;0.9840942;0.54125667;0.33296528;581.6474;403.9052;0.9287212;0.30294135;0.3739863;1018.14954;509.65283;0.9733585;0.5302862;0.47190076;576.2393;601.62634;0.9054342;0.30012465;0.55706143;950.1724;452.50342;0.99024814;0.49488148;0.41898465;801.25;470.9797;0.983961;0.41731772;0.43609232;991.7022;618.89734;0.95296687;0.51651156;0.57305306;829.26404;661.19214;0.9212986;0.43190834;0.6122149;988.6231;726.8842;0.74253064;0.5149079;0.6730409;816.7975;806.6312;0.6638268;0.42541537;0.74688077
0.9346188;797.5;386.5;513.0;645.0;0.4153646;0.35787037;0.2671875;0.5972222;830.9502;244.02525;0.9832039;0.43278655;0.2259493;855.1295;222.21936;0.9662385;0.44537994;0.20575866;812.5388;217.71387;0.931914;0.4231973;0.20158692;912.75146;181.3054;0.8075977;0.4753914;0.16787538;789.7061;175.85143;0.5468013;0.41130528;0.16282539;972.12195;220.766;0.9938472;0.5063135;0.20441297;734.0499;242.89284;0.9818927;0.38231766;0.22490078;1035.7086;357.55328;0.9841867;0.5394316;0.33106786;585.274;414.4692;0.9206079;0.3048302;0.38376778;1015.5865;507.22906;0.97285795;0.5289513;0.46965653;585.82825;614.64386;0.894895;0.3051189;0.5691147;949.539;453.04324;0.9897736;0.49455157;0.4194845;800.6243;473.5296;0.9823224;0.41699183;0.43845335;992.47174;618.7574;0.95427513;0.51691234;0.5729235;829.0615;662.21246;0.91991025;0.43180287;0.6131597;987.0921;738.2115;0.7491122;0.51411045;0.68352914;815.26135;815.33716;0.6647512;0.4246153;0.7549418
0.9357609;798.5;387.0;505.0;650.0;0.41588542;0.35833332;0.26302084;0.6018519;831.0733;243.42183;0.9851692;0.4328507;0.22539058;855.2458;221.01631;0.9690475;0.4454405;0.20464474;811.9852;216.91673;0.94112545;0.42290896;0.20084883;912.1804;179.81744;0.81144357;0.47509396;0.16649763;788.2028;175.28362;0.5807301;0.4105223;0.16229965;970.23596;220.49245;0.99412775;0.5053312;0.20415968;734.088;245.40674;0.9843603;0.3823375;0.22722846;1033.6626;358.22726;0.9838848;0.53836596;0.33169192;589.97754;421.5802;0.9285201;0.30727997;0.39035204;1012.5465;506.6132;0.972409;0.52736795;0.4690863;595.4891;619.77893;0.9024914;0.31015056;0.5738694;950.0211;453.528;0.9896175;0.49480265;0.41993335;802.44073;475.45288;0.9829154;0.41793787;0.44023415;990.2289;616.9561;0.9521929;0.5157442;0.5712557;828.74457;663.0283;0.92000383;0.4316378;0.6139151;986.4095;732.0892;0.74050355;0.51375496;0.6778603;816.2718;811.1864;0.66081256;0.42514154;0.7510985
0.93540174;801.0;390.0;500.0;656.0;0.4171875;0.3611111;0.26041666;0.6074074;831.9049;244.11475;0.9861339;0.4332838;0.22603217;852.689;220.26485;0.97031087;0.44410887;0.20394893;810.71893;217.96779;0.9493337;0.42224944;0.20182203;910.43646;176.53474;0.76558995;0.47418565;0.1634581;786.9674;178.74783;0.57704186;0.40987885;0.16550726;972.2602;213.59172;0.98875636;0.5063855;0.19777012;731.994;243.56598;0.98448455;0.3812469;0.22552405;1030.5071;353.96393;0.96670514;0.5367224;0.32774436;589.92834;435.04413;0.92657614;0.30725434;0.40281865;1012.1003;504.80566;0.94751775;0.52713555;0.46741265;598.1655;637.7458;0.89376104;0.31154454;0.59050536;951.9582;439.00885;0.9826481;0.49581155;0.40648967;801.5526;461.11563;0.9779016;0.4174753;0.42695892;993.3252;608.9022;0.9214048;0.5173569;0.56379837;827.2859;658.66406;0.9071138;0.43087807;0.6098741;986.0241;747.85345;0.63556087;0.5135542;0.6924569;809.03064;826.84827;0.61206347;0.42137012;0.76560026
0.9351577;802.5;390.0;493.0;658.0;0.41796875;0.3611111;0.25677082;0.60925925;832.09607;241.4881;0.98545223;0.43338338;0.22360009;852.68616;217.77065;0.968199;0.44410738;0.20163949;811.1034;215.71698;0.9468949;0.42244968;0.19973795;909.87854;175.31197;0.7596951;0.47389507;0.16232589;787.35944;178.22186;0.5772929;0.41008303;0.16502024;970.4694;212.8041;0.9888859;0.5054528;0.19704083;732.5777;247.1261;0.98522854;0.38155088;0.22882046;1027.9178;350.87714;0.96758145;0.53537387;0.32488623;594.81757;442.2989;0.9309742;0.3098008;0.409536;1009.3557;500.66428;0.94895107;0.5257061;0.46357805;607.7025;644.535;0.89822155;0.31651172;0.5967916;951.99945;438.38974;0.9831334;0.49583304;0.40591642;802.6441;462.881;0.9787467;0.4180438;0.42859352;993.1844;606.3331;0.9196572;0.51728356;0.56141955;827.03107;660.7525;0.9059184;0.43074533;0.6118079;986.19214;736.697;0.6302806;0.5136417;0.6821269;808.795;820.5434;0.6073001;0.4212474;0.7597624
0.93178886;803.5;393.0;485.0;664.0;0.41848958;0.3638889;0.25260416;0.6148148;833.81946;241.6758;0.98750776;0.43428096;0.22377388;853.845;217.66568;0.9696455;0.4447109;0.2015423;811.8443;216.0837;0.9556265;0.42283556;0.20007749;909.1269;174.31837;0.76049256;0.4735036;0.1614059;786.46124;178.45326;0.6334508;0.40961522;0.1652345;968.07336;211.95328;0.9906166;0.50420487;0.19625303;731.6838;249.70633;0.9899907;0.3810853;0.23120956;1026.6666;350.8354;0.97068304;0.5347222;0.32484758;600.57794;448.39474;0.95219225;0.312801;0.41518033;1007.2658;506.70895;0.9531297;0.5246176;0.46917495;619.5206;654.8399;0.9226028;0.322667;0.60633326;952.0655;435.3068;0.9854534;0.49586743;0.40306184;803.5551;462.2309;0.98345906;0.41851828;0.42799157;993.33185;601.8834;0.9165864;0.5173603;0.5572995;826.79297;663.03125;0.91080093;0.43062133;0.6139178;987.29956;709.45526;0.61259586;0.5142185;0.656903;813.41254;799.9111;0.6025716;0.42365235;0.7406584
0.92956764;805.5;397.5;477.0;675.0;0.41953126;0.36805555;0.2484375;0.625;834.1863;240.15424;0.9887255;0.43447202;0.22236504;854.64557;215.76846;0.9729354;0.4451279;0.19978562;811.6;214.33846;0.95934206;0.42270833;0.19846153;909.8872;172.90498;0.77659756;0.47389957;0.16009721;785.25183;177.08281;0.64415455;0.40898532;0.16396557;968.02277;212.63892;0.99148315;0.5041785;0.19688788;732.20306;249.45575;0.9903218;0.38135576;0.23097755;1025.8638;350.9436;0.97239405;0.534304;0.32494777;606.85144;447.30875;0.95106626;0.31606847;0.41417477;1004.6357;508.08444;0.95473814;0.5232478;0.47044855;627.6096;656.08246;0.9202785;0.32688;0.60748374;952.2821;435.661;0.98639745;0.49598026;0.4033898;804.06445;461.66998;0.98401326;0.41878358;0.4274722;992.7783;602.52704;0.9244372;0.517072;0.5578954;826.4989;660.46356;0.91665924;0.43046817;0.6115403;987.9373;718.91144;0.6347233;0.5145507;0.6656587;817.10156;803.4805;0.6210119;0.42557374;0.7439635
0.92819595;809.0;398.0;470.0;680.0;0.42135417;0.36851853;0.24479167;0.6296296;834.4847;238.80441;0.98857915;0.43462744;0.2211152;854.60376;214.65259;0.9719685;0.44510612;0.1987524;811.4665;213.62334;0.95865214;0.4226388;0.19779938;909.5561;171.90459;0.7767145;0.47372714;0.15917091;784.62524;177.19122;0.6493905;0.40865898;0.16406594;966.5556;210.6823;0.9920442;0.5034144;0.1950762;732.3526;249.49626;0.9912054;0.38143364;0.23101506;1024.2753;352.26096;0.97451866;0.5334767;0.32616755;613.31744;451.05276;0.956042;0.31943616;0.41764146;1001.61237;506.9225;0.9577602;0.5216731;0.46937266;641.68304;657.59784;0.9264742;0.33420992;0.6088869;950.90686;434.55563;0.9871996;0.495264;0.40236634;803.27;461.9403;0.98507774;0.4183698;0.4277225;991.06256;600.49567;0.92110044;0.5161784;0.5560145;827.10297;663.0594;0.91367346;0.4307828;0.6139439;987.9972;702.4648;0.6200145;0.51458186;0.6504304;820.8692;790.7892;0.60645235;0.42753604;0.7322122
0.9305784;811.0;400.0;462.0;684.0;0.42239583;0.37037036;0.240625;0.6333333;834.9972;236.92805;0.98804885;0.43489438;0.21937783;854.8753;212.27107;0.9706024;0.44524756;0.19654728;811.7287;211.91608;0.95856506;0.42277536;0.1962186;909.13116;169.30798;0.76583475;0.47350582;0.15676665;784.6515;175.94426;0.6527675;0.40867266;0.16291136;965.85004;208.81398;0.9907726;0.5030469;0.19334628;732.6999;249.07045;0.99043185;0.38161454;0.23062079;1023.73303;352.2772;0.9699959;0.5331943;0.32618257;618.12897;454.27728;0.95273024;0.32194218;0.42062712;999.42883;510.6102;0.95138836;0.5205358;0.47278723;653.2282;661.00543;0.92116827;0.340223;0.61204207;949.82526;433.23395;0.984714;0.49470064;0.40114254;802.3773;461.2066;0.982711;0.41790485;0.42704314;990.9571;600.95953;0.90888387;0.5161235;0.556444;826.479;663.4849;0.9031798;0.4304578;0.6143379;991.01575;705.8292;0.5885171;0.51615405;0.65354556;820.6784;791.9856;0.57939523;0.42743668;0.73332
0.92711365;813.0;400.0;456.0;688.0;0.4234375;0.37037036;0.2375;0.63703704;836.5523;234.72725;0.9895287;0.43570432;0.21734005;857.0059;209.43747;0.97311676;0.44635725;0.19392358;812.0741;209.52577;0.96445966;0.42295524;0.19400534;910.12683;167.21841;0.7733881;0.4740244;0.15483187;782.2498;174.5257;0.6887182;0.40742177;0.16159786;964.54395;209.54874;0.99164337;0.50236666;0.1940266;730.6886;252.57108;0.991895;0.38056698;0.2338621;1023.3704;350.554;0.97103566;0.5330054;0.32458702;623.4287;461.03772;0.9577235;0.32470244;0.42688677;997.9465;508.28836;0.95266145;0.51976377;0.47063738;663.89624;663.99084;0.9271447;0.3457793;0.61480635;950.34784;432.51608;0.98458904;0.49497283;0.40047786;802.29126;461.51404;0.9829738;0.41786003;0.4273278;991.7174;600.9527;0.8990849;0.5165195;0.5564377;826.06696;662.5456;0.894792;0.4302432;0.61346817;989.6779;693.97546;0.5557035;0.5154573;0.6425699;822.18567;775.1258;0.55009645;0.4282217;0.71770906
0.9300701;815.0;403.0;450.0;696.0;0.42447916;0.37314814;0.234375;0.64444447;833.3385;233.72559;0.98475283;0.43403047;0.21641257;857.58057;208.08546;0.96701014;0.44665655;0.19267173;811.98724;206.17992;0.9476369;0.42291003;0.19090733;910.54724;167.14853;0.80921495;0.47424334;0.15476716;783.3256;166.15097;0.66339105;0.40798208;0.15384349;961.76044;210.23924;0.995621;0.5009169;0.19466597;734.71387;247.02303;0.98930573;0.38266346;0.22872503;1018.89185;353.31274;0.9865459;0.53067285;0.32714143;637.5055;448.00204;0.9449357;0.3320341;0.4148167;988.81366;509.87476;0.9691279;0.51500714;0.47210625;680.9575;642.81134;0.9018401;0.35466537;0.5951957;946.58777;437.20325;0.99195486;0.49301445;0.40481782;800.68036;462.73746;0.98668486;0.417021;0.4284606;990.3444;613.3693;0.94299287;0.5158044;0.5679346;822.2425;647.9586;0.90717643;0.4282513;0.5999617;982.8869;688.0704;0.66873294;0.5119203;0.6371022;830.27545;743.5503;0.59208524;0.43243513;0.6884725
0.9350512;817.0;410.5;446.0;715.0;0.42552084;0.3800926;0.23229167;0.662037;834.18677;233.40112;0.98519355;0.43447226;0.21611215;858.01306;207.097;0.9664093;0.4468818;0.19175649;812.3081;205.81998;0.9483824;0.42307714;0.19057405;910.59906;165.38417;0.80235523;0.47427034;0.1531335;783.2227;166.01976;0.66810393;0.4079285;0.153722;960.8945;209.74411;0.99584514;0.50046587;0.1942075;736.0079;250.01973;0.990108;0.38333744;0.23149975;1017.37195;352.77036;0.98777497;0.52988124;0.3266392;642.647;453.25552;0.9517665;0.33471197;0.41968104;986.6534;510.3134;0.9727754;0.513882;0.4725124;691.3786;648.6407;0.9153274;0.36009303;0.6005932;944.7084;438.141;0.99255025;0.4920356;0.4056861;798.7885;465.2091;0.9878346;0.41603568;0.43074918;991.4548;612.4853;0.9431934;0.5163827;0.567116;813.1172;652.23944;0.90871894;0.42349854;0.6039254;981.6946;677.71173;0.6661963;0.51129925;0.62751085;808.45734;737.06726;0.5899479;0.42107153;0.68246967
0.94039625;820.0;412.5;440.0;725.0;0.42708334;0.38194445;0.22916667;0.6712963;836.1724;228.19551;0.9898996;0.43550646;0.21129213;859.2303;203.34608;0.97155154;0.4475158;0.18828341;814.9398;202.43083;0.95409054;0.42444783;0.18743595;913.0759;164.38684;0.79345226;0.47556037;0.15221004;785.8523;167.93835;0.6257991;0.40929806;0.15549847;967.5315;218.78835;0.99582905;0.50392264;0.20258181;735.33307;258.30203;0.99197656;0.38298598;0.23916855;1019.96765;355.5161;0.9885521;0.53123313;0.32918158;638.5115;470.33945;0.9682076;0.33255807;0.4354995;989.36194;508.61584;0.9852224;0.5152927;0.4709406;698.58124;671.5527;0.96438706;0.3638444;0.62180805;943.8946;436.2128;0.9925615;0.49161178;0.40390074;796.2977;462.4186;0.98975676;0.4147384;0.42816538;989.0578;606.0209;0.94158995;0.5151343;0.56113046;813.82196;662.0858;0.91826814;0.42386562;0.6130424;996.4164;653.4373;0.71125;0.51896685;0.60503453;806.8752;732.0138;0.64971024;0.4202475;0.6777905
0.941515;822.5;412.0;433.0;726.0;0.4283854;0.38148147;0.22552083;0.6722222;838.1635;226.43323;0.99079925;0.4365435;0.2096604;860.44196;200.51129;0.97304946;0.44814685;0.1856586;815.51263;201.29745;0.9588453;0.42474616;0.18638653;912.8769;160.49434;0.7997789;0.4754567;0.14860587;784.92975;167.89064;0.6567406;0.4088176;0.1554543;967.01135;218.22493;0.99628663;0.50365174;0.20206012;736.5074;260.08624;0.9933954;0.38359758;0.2408206;1018.7172;355.19888;0.9891828;0.5305819;0.32888785;644.34064;469.8858;0.9728233;0.3355941;0.43507946;987.9637;505.1002;0.9856544;0.5145644;0.46768537;704.1068;663.7422;0.96812195;0.3667223;0.6145761;943.6447;436.62085;0.99333704;0.49148163;0.40427858;797.8025;463.8934;0.9911514;0.41552213;0.42953092;987.34937;606.8903;0.94343245;0.51424444;0.5619355;817.0956;666.5774;0.9233;0.4255706;0.61720127;995.86694;650.09515;0.7117473;0.5186807;0.60194;818.8642;726.3478;0.6549933;0.42649177;0.67254424
0.9402629;824.0;410.5;426.0;723.0;0.42916667;0.3800926;0.221875;0.66944444;838.4859;226.17586;0.9887998;0.4367114;0.2094221;862.15356;198.92203;0.9724147;0.44903833;0.18418707;814.82306;198.66129;0.9618517;0.424387;0.18394564;913.0448;159.67442;0.8253037;0.47554415;0.14784668;783.2368;162.86871;0.73820865;0.40793583;0.15080437;960.313;208.98561;0.9968316;0.500163;0.1935052;737.1292;253.77136;0.99380505;0.38392147;0.23497349;1014.8096;350.59106;0.98909855;0.52854663;0.32462135;657.43726;458.2394;0.9657218;0.34241524;0.42429575;985.2422;506.00403;0.9745116;0.513147;0.46852225;717.37354;646.64435;0.9326106;0.37363204;0.59874475;946.88696;436.06873;0.9936081;0.4931703;0.40376735;802.6559;465.48972;0.9904041;0.41804993;0.431009;988.98;612.17487;0.9393119;0.51509374;0.5668286;817.3349;654.83093;0.909786;0.42569527;0.6063249;983.47015;657.1857;0.6360531;0.512224;0.6085053;834.62;714.9873;0.5710879;0.43469793;0.6620253
0.9279139;826.5;405.0;419.0;716.0;0.43046874;0.375;0.21822916;0.662963;839.8823;223.62996;0.98881537;0.4374387;0.20706478;863.0753;196.55797;0.9722412;0.44951838;0.18199812;816.0815;196.82167;0.9619565;0.42504245;0.18224229;913.14703;158.1998;0.8266627;0.4755974;0.14648129;784.5162;162.62901;0.74366;0.40860218;0.15058242;959.6174;208.00232;0.9969741;0.4998007;0.19259474;739.15027;254.81589;0.9941665;0.3849741;0.23594064;1013.88574;349.0014;0.9894354;0.5280655;0.32314944;661.44324;459.4822;0.9671999;0.34450167;0.42544648;984.74036;505.34747;0.9748912;0.51288563;0.4679143;727.0809;647.7701;0.9342669;0.37868795;0.5997871;947.8581;437.49966;0.9939721;0.4936761;0.40509227;805.88837;468.16464;0.9909933;0.41973352;0.43348578;986.83484;608.7905;0.942786;0.51397645;0.56369495;821.951;654.23;0.9152254;0.42809948;0.6057685;982.416;656.456;0.6524618;0.511675;0.60782963;841.4632;715.70105;0.58912075;0.43826208;0.66268617
0.9225432;828.5;399.0;413.0;708.0;0.43151042;0.36944443;0.21510416;0.65555555;841.90546;220.10591;0.9930453;0.43849242;0.20380177;861.9857;193.6224;0.9805799;0.4489509;0.17928001;816.68884;194.67503;0.9714887;0.42535877;0.18025467;912.6925;152.43315;0.85469586;0.4753607;0.1411418;787.16437;161.7752;0.7513301;0.40998143;0.14979185;962.01013;208.59595;0.9974353;0.50104696;0.1931444;743.8291;260.39984;0.9962304;0.387411;0.24111097;1016.7159;348.96542;0.9912198;0.5295395;0.32311612;665.4404;477.29575;0.97818494;0.34658355;0.44194052;987.01776;502.52097;0.9836723;0.51407176;0.4652972;732.0156;667.60724;0.9601065;0.38125813;0.6181548;945.0026;436.7872;0.9939985;0.49218887;0.4044326;808.39514;469.1184;0.99175054;0.42103913;0.4343689;986.703;597.95074;0.9314898;0.5139078;0.55365807;822.29535;659.9778;0.9088052;0.42827883;0.61109054;989.2499;633.3053;0.61525005;0.5152343;0.5863938;829.9023;704.5257;0.5665892;0.43224078;0.6523386
0.92333263;831.0;394.0;408.0;704.0;0.4328125;0.36481482;0.2125;0.65185183;842.59314;219.65721;0.9926403;0.43885058;0.2033863;862.52014;193.04759;0.980022;0.44922924;0.17874777;816.9826;194.58614;0.9687455;0.42551178;0.18017235;913.6937;151.39453;0.859085;0.47588214;0.14018013;787.5313;161.79323;0.7355294;0.41017255;0.14980854;963.83026;206.87791;0.99755776;0.5019949;0.19155362;746.3681;257.11514;0.99606776;0.3887334;0.23806958;1016.0775;350.14658;0.99205786;0.52920705;0.32420978;672.4336;475.2994;0.97767353;0.35022584;0.44009206;986.7634;503.83163;0.98487246;0.51393926;0.46651077;740.5523;666.2284;0.9592055;0.38570434;0.61687815;945.30347;438.6692;0.99415624;0.49234554;0.40617517;807.9291;468.9818;0.9915462;0.4207964;0.43424243;987.38715;600.3033;0.9266399;0.51426417;0.5558364;818.9632;656.179;0.8978862;0.42654333;0.60757315;990.50464;627.60864;0.5932128;0.51588786;0.5811191;828.9774;687.79083;0.5379049;0.43175906;0.6368434
0.9247832;833.5;392.5;403.0;703.0;0.43411458;0.36342594;0.20989583;0.65092593;843.4983;217.6338;0.99243754;0.43932202;0.20151278;863.3096;191.13794;0.9794883;0.4496404;0.17697957;818.0223;192.65323;0.96867007;0.42605326;0.17838262;914.1429;150.21048;0.8526906;0.4761161;0.13908377;788.7626;160.61728;0.7344129;0.41081384;0.1487197;963.995;204.43185;0.99724317;0.50208074;0.18928875;747.8777;255.3871;0.99563307;0.38951963;0.23646954;1016.558;348.9276;0.9910849;0.5294573;0.32308114;677.5034;474.73224;0.9759853;0.35286635;0.43956688;987.2601;501.43698;0.9836374;0.51419795;0.4642935;751.45105;664.4912;0.957423;0.39138076;0.61526966;945.7319;438.27814;0.9932515;0.49256867;0.4058131;808.30536;469.3693;0.99038386;0.42099237;0.4346012;987.50854;602.08356;0.9182828;0.51432735;0.55748475;818.29816;661.97516;0.888494;0.42619696;0.61293995;989.5119;630.82007;0.56850964;0.5153708;0.5840927;821.7757;696.55817;0.51389736;0.42800817;0.64496124
0.92871696;836.0;393.5;398.0;707.0;0.43541667;0.36435184;0.20729166;0.65462965;845.6445;216.68898;0.9899372;0.44043982;0.20063795;865.34204;189.68533;0.9714301;0.45069897;0.17563456;819.6028;191.54993;0.9652138;0.42687646;0.17736104;914.703;148.60027;0.78791547;0.47640783;0.13759284;787.7159;159.72551;0.7260705;0.4102687;0.147894;962.1371;200.16505;0.99353844;0.50111306;0.18533802;742.55896;250.4453;0.9942782;0.38674945;0.2318938;1016.1821;346.79904;0.9775443;0.5292615;0.32111022;680.28577;473.97943;0.97031164;0.3543155;0.43886983;988.1715;497.80307;0.96293133;0.51467264;0.46092877;760.52856;660.3433;0.943574;0.39610863;0.611429;946.9409;429.40247;0.985586;0.4931984;0.39759487;803.0991;460.0603;0.9841786;0.41828078;0.42598176;988.7525;604.6203;0.8536286;0.51497525;0.5598336;815.989;664.0009;0.8467092;0.4249943;0.61481565;0.0;0.0;0.4208839;0.0;0.0;0.0;0.0;0.4153402;0.0;0.0
0.9298455;838.0;392.0;394.0;706.0;0.43645832;0.36296296;0.20520833;0.6537037;844.4446;214.44142;0.9889893;0.4398149;0.19855687;864.80225;188.36414;0.9686317;0.45041785;0.17441124;819.21;188.7432;0.96153665;0.4266719;0.17476222;915.3992;147.77554;0.78493375;0.4767704;0.13682921;788.0785;155.77148;0.71435744;0.41045755;0.14423285;961.25464;199.53479;0.9934907;0.50065345;0.18475443;742.4467;248.9103;0.9944547;0.386691;0.23047249;1016.4712;347.36697;0.97785807;0.5294121;0.32163608;684.46387;474.69827;0.9719586;0.3564916;0.43953544;986.8643;498.05127;0.96371907;0.51399183;0.46115857;770.7856;656.89746;0.94577926;0.4014508;0.6082384;945.28235;429.03555;0.9856828;0.49233454;0.39725515;802.40717;459.53073;0.9844993;0.4179204;0.42549142;984.1985;599.77405;0.8470369;0.5126034;0.55534637;816.9824;658.9193;0.84165084;0.4255117;0.61011046;0.0;0.0;0.41260064;0.0;0.0;0.0;0.0;0.40867522;0.0;0.0
0.931031;840.5;389.0;389.0;702.0;0.4377604;0.36018518;0.20260416;0.65;844.84845;211.6988;0.9877551;0.44002524;0.19601741;864.9051;185.37227;0.96497667;0.4504714;0.17164099;819.6493;186.4877;0.9575458;0.42690068;0.17267379;915.9304;145.37125;0.78192234;0.4770471;0.13460301;789.50134;154.84471;0.71031046;0.41119862;0.14337473;963.46387;197.2142;0.9934208;0.5018041;0.18260574;743.9957;245.84848;0.99478006;0.38749778;0.22763748;1015.53937;345.01303;0.9778021;0.52892673;0.31945652;687.7942;472.89175;0.9741702;0.35822615;0.43786272;987.837;497.1842;0.96296793;0.5144984;0.46035576;779.64886;655.7977;0.94751865;0.4060671;0.6072201;945.8304;426.7948;0.9860524;0.49262;0.39518037;802.15857;455.73688;0.9852797;0.41779092;0.4219786;982.85364;602.3353;0.83496094;0.5119029;0.5577179;816.7975;653.35803;0.8322243;0.42541537;0.60496116;0.0;0.0;0.38574484;0.0;0.0;0.0;0.0;0.38799003;0.0;0.0
0.93251216;843.5;386.0;383.0;700.0;0.43932292;0.35740742;0.19947916;0.6481481;848.0948;210.84663;0.98822033;0.44171605;0.19522837;867.6923;183.49773;0.9648395;0.45192307;0.1699053;821.81323;185.65457;0.96142775;0.42802772;0.17190239;916.79645;141.39313;0.770305;0.47749814;0.13091956;789.86774;152.92722;0.7335528;0.41138944;0.14159927;963.68536;195.67392;0.99287426;0.50191945;0.18117955;744.86285;245.29295;0.9950094;0.3879494;0.22712311;1015.18805;344.908;0.97458965;0.5287438;0.31935924;691.4729;473.9517;0.97518426;0.36014214;0.43884414;987.5151;496.9468;0.9585487;0.51433074;0.46013594;787.5681;653.6719;0.94867766;0.4101917;0.6052517;946.1752;429.39285;0.9846603;0.49279958;0.397586;802.8153;458.4223;0.9847889;0.41813296;0.4244651;983.80206;601.30566;0.8281811;0.51239693;0.5567645;815.9054;651.867;0.8336368;0.42495072;0.60358053;0.0;0.0;0.38049266;0.0;0.0;0.0;0.0;0.39087448;0.0;0.0
0.9329611;845.0;384.0;380.0;698.0;0.44010416;0.35555556;0.19791667;0.6462963;849.73663;208.89122;0.9881563;0.44257116;0.1934178;869.82715;181.62479;0.9655937;0.45303497;0.1681711;823.7573;183.31265;0.96140116;0.42904028;0.16973394;917.8217;141.01552;0.7749633;0.47803214;0.13056992;791.11304;151.05116;0.73147297;0.41203803;0.1398622;963.32574;195.79216;0.9926658;0.5017322;0.18128903;744.53827;243.67209;0.99447733;0.38778034;0.22562231;1015.8337;344.94498;0.97372967;0.52908003;0.3193935;695.124;475.95496;0.97170186;0.36204377;0.44069904;987.59314;496.99136;0.9566347;0.51437145;0.46017718;796.71295;650.6994;0.9422746;0.41495466;0.6024994;944.66644;429.0174;0.983796;0.49201378;0.3972383;800.3059;456.19513;0.9831897;0.41682598;0.4224029;985.3682;606.9467;0.826962;0.5132126;0.5619877;813.1332;647.26605;0.8259785;0.42350686;0.5993204;0.0;0.0;0.3744148;0.0;0.0;0.0;0.0;0.38062787;0.0;0.0
0.93073153;848.0;380.5;374.0;693.0;0.44166666;0.3523148;0.19479166;0.64166665;852.36993;206.01732;0.98869205;0.44394267;0.19075678;872.7199;178.42159;0.9673002;0.45454162;0.16520517;825.99304;180.41135;0.96446687;0.43020472;0.16704755;919.4925;139.2313;0.7735605;0.47890234;0.12891786;792.0072;149.5368;0.74469274;0.41250375;0.13846001;964.3336;195.756;0.9919407;0.5022571;0.18125555;745.00635;242.82648;0.9938564;0.38802415;0.22483933;1015.8315;342.63074;0.9703212;0.5290789;0.31725067;698.0147;474.41776;0.96826416;0.36354932;0.4392757;987.95166;497.7801;0.952016;0.51455814;0.4609075;802.1149;645.6805;0.93741256;0.41776818;0.5978523;944.7957;432.88312;0.98004705;0.4920811;0.4008177;798.45465;458.7376;0.97921294;0.4158618;0.42475703;990.3675;618.57227;0.789482;0.5158164;0.5727521;809.9385;652.7412;0.7879024;0.42184296;0.60439;0.0;0.0;0.31697273;0.0;0.0;0.0;0.0;0.3234305;0.0;0.0
0.9307827;850.0;376.5;368.0;689.0;0.44270834;0.34861112;0.19166666;0.63796294;850.9655;201.79225;0.98954684;0.4432112;0.18684468;872.6423;174.56273;0.97204834;0.45450118;0.16163215;826.6617;176.47171;0.9607664;0.43055296;0.16339973;921.05914;138.14113;0.8110539;0.4797183;0.12790845;795.349;147.33128;0.7143774;0.41424426;0.13641785;972.8943;201.62018;0.994987;0.5067158;0.18668535;752.74335;246.10117;0.9908476;0.3920538;0.22787145;1012.9413;345.0534;0.98371834;0.5275736;0.3194939;701.7921;478.45444;0.95776534;0.36551672;0.44301337;988.9462;495.9093;0.97669744;0.51507616;0.4591753;812.9371;641.99677;0.94709575;0.42340472;0.5944415;945.7336;444.64307;0.9813307;0.49256957;0.41170654;800.3806;467.92245;0.9733155;0.4168649;0.43326154;988.91583;634.49316;0.7891982;0.5150603;0.58749366;813.3124;658.078;0.71871644;0.4236002;0.6093315;0.0;0.0;0.33277392;0.0;0.0;0.0;0.0;0.27976272;0.0;0.0
0.9328578;852.5;371.5;365.0;683.0;0.4440104;0.34398147;0.19010417;0.6324074;854.5992;201.29192;0.99149644;0.44510373;0.1863814;874.89734;173.26155;0.9747934;0.4556757;0.16042736;828.2293;175.9163;0.9715737;0.43136942;0.16288547;921.6566;134.60811;0.8240925;0.4800295;0.124637134;796.3958;145.94618;0.7960563;0.4147895;0.13513535;972.50287;198.52168;0.99613094;0.5065119;0.18381637;754.1284;245.71423;0.99558026;0.3927752;0.22751318;1012.815;342.009;0.98488;0.52750784;0.316675;706.0264;474.45404;0.9760115;0.3677221;0.4393093;988.5989;495.06943;0.9734533;0.51489526;0.45839763;809.68616;635.8475;0.9555993;0.42171153;0.5887477;947.7408;450.4492;0.9860763;0.493615;0.41708258;807.1364;474.40384;0.98300165;0.42038354;0.4392628;993.17017;638.9308;0.78987586;0.5172761;0.59160256;829.2109;662.95654;0.7580475;0.43188065;0.6138486;0.0;0.0;0.302169;0.0;0.0;0.0;0.0;0.28414458;0.0;0.0
0.9335607;854.0;370.0;362.0;680.0;0.44479167;0.3425926;0.18854167;0.6296296;854.4932;198.25621;0.9897425;0.44504854;0.18357056;876.3379;171.48126;0.9705094;0.456426;0.15877895;830.0023;173.06136;0.96190995;0.43229288;0.16024199;922.9704;135.19035;0.8080923;0.48071375;0.12517625;797.59955;143.5052;0.74345714;0.41541642;0.13287519;975.9675;199.82333;0.9960781;0.5083164;0.18502161;754.59937;243.80814;0.9933349;0.3930205;0.22574827;1012.5571;341.147;0.98620623;0.5273735;0.31587684;706.89166;474.65634;0.9685099;0.36817273;0.4394966;989.2672;492.4671;0.9792173;0.51524335;0.45598805;822.61066;630.5007;0.9579432;0.42844304;0.5837969;947.99817;445.04593;0.98717684;0.49374905;0.41207957;804.3727;467.0582;0.9824966;0.4189441;0.4324613;984.82;631.05475;0.85094017;0.5129271;0.58430994;820.5022;649.55817;0.8036639;0.4273449;0.60144275;0.0;0.0;0.42822132;0.0;0.0;0.0;0.0;0.375969;0.0;0.0
0.93513364;855.0;366.5;360.0;677.0;0.4453125;0.33935186;0.1875;0.62685186;856.19336;196.26585;0.989794;0.44593403;0.18172765;877.67615;169.1968;0.96995395;0.45712298;0.1566637;831.23254;171.45845;0.9631405;0.43293363;0.15875782;923.47906;132.92017;0.8051645;0.48097867;0.123074226;798.62134;142.6149;0.7594224;0.4159486;0.13205083;978.91205;198.85204;0.9962469;0.50985;0.18412225;754.9593;243.47273;0.9937115;0.39320797;0.22543772;1012.86017;341.5265;0.98599654;0.5275313;0.31622824;712.59375;476.0391;0.969428;0.37114257;0.44077694;990.4745;490.0388;0.97828704;0.5158721;0.4537396;833.09204;629.5858;0.95785636;0.4339021;0.5829498;948.2405;449.0841;0.98796356;0.49387524;0.41581863;803.11;470.97107;0.9837457;0.41828644;0.43608433;988.84753;630.7517;0.8692261;0.5150248;0.5840294;822.3153;648.7933;0.828928;0.42828923;0.60073453;0.0;0.0;0.4683694;0.0;0.0;0.0;0.0;0.4168148;0.0;0.0
0.9385709;858.0;362.0;358.0;672.0;0.446875;0.3351852;0.18645833;0.62222224;858.4869;195.45886;0.99021554;0.4471286;0.18098043;880.4601;168.75885;0.9702599;0.45857295;0.1562582;832.9442;170.56187;0.9658303;0.4338251;0.15792766;925.66797;133.87762;0.8056817;0.48211873;0.12396076;798.97675;142.69391;0.7834223;0.41613373;0.13212399;981.2778;199.97678;0.996582;0.5110822;0.18516368;755.31647;244.52486;0.9945427;0.393394;0.22641191;1011.4096;340.46454;0.98597395;0.52677584;0.31524494;718.0948;476.36417;0.9720781;0.3740077;0.44107792;990.5394;489.2096;0.9772816;0.515906;0.45297185;838.8737;627.36365;0.95931816;0.4369134;0.58089226;949.2523;451.50174;0.98943824;0.49440226;0.41805717;803.5098;472.7557;0.98616344;0.4184947;0.43773678;992.4567;628.77435;0.89368176;0.51690453;0.5821985;827.79565;643.19275;0.8640383;0.43114358;0.59554887;923.742;674.0255;0.5316656;0.48111564;0.6240977;0.0;0.0;0.4853081;0.0;0.0
0.9371491;862.0;358.5;358.0;669.0;0.44895834;0.33194444;0.18645833;0.61944443;858.6889;193.4943;0.9898078;0.4472338;0.17916138;880.66956;167.22684;0.96921206;0.45868206;0.15483966;832.9942;168.44785;0.96570146;0.43385115;0.15597023;927.3375;132.45424;0.7919743;0.4829883;0.122642815;799.80835;140.50746;0.77405334;0.41656685;0.1300995;980.14124;197.63782;0.9956648;0.51049024;0.18299797;758.3218;243.20715;0.9938525;0.39495927;0.2251918;1013.7062;340.0933;0.9826637;0.527972;0.3149012;722.1079;476.7021;0.9704342;0.37609786;0.4413908;991.3003;488.15012;0.9739455;0.5163022;0.45199084;847.8483;626.3356;0.95826066;0.44158766;0.5799403;950.2606;450.21564;0.98797786;0.4949274;0.41686633;806.59845;473.69614;0.98519784;0.42010337;0.43860754;995.52704;618.66174;0.8980135;0.51850367;0.57283497;830.41833;643.576;0.8768192;0.43250954;0.5959037;945.0229;673.3995;0.565302;0.49219942;0.62351805;826.28033;703.08563;0.5263402;0.43035433;0.6510052
0.93516326;865.5;357.0;359.0;670.0;0.45078126;0.33055556;0.18697916;0.6203704;859.8043;193.10982;0.9893063;0.44781476;0.17880538;881.62616;166.2149;0.9692271;0.4591803;0.1539027;833.87463;167.85898;0.96428496;0.4343097;0.15542498;929.25476;130.5157;0.7858702;0.48398685;0.12084787;800.7512;139.5294;0.75067323;0.41705793;0.12919389;979.3812;196.5552;0.9944569;0.5100944;0.18199556;761.4689;242.65443;0.99195296;0.39659837;0.22468004;1015.90283;340.05954;0.9791518;0.52911603;0.31486994;726.58124;477.45474;0.962649;0.3784277;0.4420877;991.7379;487.06726;0.97057986;0.51653016;0.4509882;855.02203;626.2861;0.95066035;0.44532397;0.5798945;949.2867;446.2035;0.9851244;0.49442014;0.41315138;807.1004;470.3902;0.9813333;0.4203648;0.4355465;994.5595;616.6009;0.8922277;0.51799977;0.5709267;827.35876;644.6465;0.86777073;0.430916;0.5968949;967.00507;685.1966;0.5593137;0.50364846;0.6344413;824.55176;716.40674;0.5166266;0.42945403;0.66333956
0.9387206;867.5;355.5;357.0;671.0;0.4518229;0.32916668;0.1859375;0.6212963;860.922;187.95969;0.98721284;0.44839686;0.17403674;882.585;160.83414;0.96561337;0.4596797;0.14892049;835.5129;163.25423;0.96126753;0.43516296;0.15116133;930.14545;126.23103;0.7674486;0.48445076;0.11688059;803.3215;136.4398;0.7396956;0.4183966;0.12633315;981.20197;194.58414;0.9917305;0.5110427;0.18017049;763.0227;240.37454;0.9881479;0.39740765;0.22256902;1017.0092;340.35287;0.9663981;0.5296923;0.31514156;728.78577;474.63474;0.94269687;0.3795759;0.4394766;992.6238;487.07886;0.95360017;0.51699156;0.45099893;857.7895;622.2125;0.9260605;0.44676536;0.5761227;945.7779;445.03967;0.97656846;0.49259266;0.41207376;805.6108;469.2422;0.9711449;0.41958895;0.4344835;979.3246;614.1055;0.8818214;0.5100649;0.5686162;831.98126;644.6824;0.85792965;0.43332356;0.5969281;946.63226;720.73303;0.5600803;0.49303764;0.6673454;835.0668;754.7761;0.5189521;0.43493062;0.6988668
0.93532413;870.5;354.0;357.0;672.0;0.4533854;0.32777777;0.1859375;0.62222224;863.11414;188.35727;0.9882095;0.44953862;0.17440487;884.8568;161.51788;0.9678735;0.46086293;0.1495536;837.55023;163.29657;0.9632689;0.43622407;0.15120053;932.222;127.02619;0.77018183;0.48553228;0.11761685;804.64966;135.996;0.7363615;0.41908836;0.12592222;980.02954;193.86046;0.99182373;0.51043206;0.17950043;765.5433;239.61044;0.98861283;0.39872044;0.22186153;1018.3479;339.19705;0.9689887;0.53038955;0.31407136;732.9872;473.7972;0.9479196;0.38176414;0.43870112;993.11487;487.2368;0.95907664;0.5172473;0.45114517;866.62225;619.6102;0.93510413;0.45136577;0.5737132;950.8252;443.20724;0.97842354;0.49522147;0.4103771;810.742;468.39636;0.9736517;0.42226145;0.43370032;989.80206;611.09937;0.88578314;0.5155219;0.56583273;828.4677;645.4296;0.8633414;0.4314936;0.59762;975.8648;710.88525;0.5669118;0.50826293;0.6582271;826.409;750.3292;0.5262566;0.43042135;0.6947493
0.9361616;874.0;352.5;356.0;673.0;0.45520833;0.3263889;0.18541667;0.62314814;865.1704;187.7146;0.98865265;0.4506096;0.17380981;886.32556;159.84814;0.969016;0.4616279;0.14800754;838.68207;163.14706;0.9636199;0.43681356;0.1510621;933.6286;123.99742;0.7781478;0.48626488;0.114812426;805.19476;136.22383;0.73531824;0.41937226;0.12613317;981.7065;194.75269;0.9926475;0.51130545;0.18032657;767.9304;240.51114;0.9892374;0.39996377;0.2226955;1019.1523;342.48788;0.9723796;0.5308085;0.3171184;736.3725;471.5246;0.9503392;0.38352734;0.43659684;993.14465;487.70282;0.96304363;0.5172628;0.45157668;869.6106;613.97363;0.93815756;0.4529222;0.5684941;949.68884;444.15134;0.98084736;0.4946296;0.41125125;810.2609;468.95526;0.9759829;0.4220109;0.43421784;987.9374;607.8339;0.8954748;0.51455075;0.56280917;824.88885;644.12115;0.87147;0.42962962;0.5964085;976.23346;709.35645;0.5873122;0.5084549;0.65681154;824.5952;744.01373;0.542527;0.42947668;0.6889016
0.9338375;876.5;351.5;357.0;673.0;0.45651042;0.32546297;0.1859375;0.62314814;865.6106;185.89618;0.9891272;0.45083886;0.17212608;886.9214;158.00587;0.9703311;0.46193823;0.14630173;839.1369;160.63834;0.9650866;0.43705046;0.1487392;934.68494;121.80318;0.7785565;0.48681507;0.11278072;806.0277;132.78131;0.7360401;0.4198061;0.12294566;983.14526;193.09424;0.99231344;0.5120548;0.17879096;768.7984;238.02196;0.9886983;0.40041584;0.2203907;1019.7688;342.8574;0.97119194;0.5311296;0.31746054;739.1976;469.6418;0.948525;0.38499874;0.43485352;994.34076;487.84418;0.9624242;0.5178858;0.45170757;874.9856;607.0945;0.9379795;0.45572168;0.56212455;952.66797;444.55875;0.9801017;0.49618122;0.41162845;811.9527;469.66254;0.9751286;0.42289203;0.43487272;994.9451;612.6275;0.897312;0.5182006;0.5672477;826.2997;651.32764;0.8745641;0.43036443;0.60308117;983.07623;720.07715;0.58831954;0.51201886;0.6667381;820.4944;761.0321;0.5437013;0.42734084;0.70465934
0.9270312;878.5;351.0;357.0;676.0;0.45755208;0.325;0.1859375;0.6259259;867.14215;182.88318;0.98963165;0.45163652;0.16933627;888.35706;154.96762;0.97028613;0.46268597;0.14348854;840.4001;157.2367;0.96633697;0.43770838;0.14558953;935.89764;118.55058;0.7775539;0.4874467;0.10976906;807.2018;129.0956;0.74605364;0.4204176;0.11953296;984.05334;190.97452;0.9929749;0.51252776;0.17682825;769.134;237.09183;0.99059653;0.4005906;0.21952946;1021.5888;340.6164;0.97372806;0.5320775;0.31538555;742.6946;467.60898;0.9581798;0.3868201;0.43297127;995.3901;485.13486;0.9659352;0.5184323;0.44919893;883.5771;606.96936;0.9480665;0.4601964;0.5620087;957.158;446.83392;0.9835738;0.4985198;0.41373512;815.4573;474.1258;0.98040926;0.42471734;0.43900537;1004.87335;610.99146;0.90866905;0.5233715;0.56573284;828.5265;659.2564;0.89297175;0.43152422;0.6104226;997.68884;711.6623;0.6135296;0.5196296;0.6589466;825.7634;766.7789;0.57493734;0.43008512;0.7099804
0.92542577;879.5;350.5;355.0;675.0;0.45807293;0.32453704;0.18489583;0.625;870.1796;180.41345;0.9892336;0.45321855;0.1670495;891.43823;152.77063;0.9691478;0.46429074;0.1414543;843.48474;154.95094;0.96522063;0.43931496;0.14347309;937.7013;117.19437;0.7725059;0.4883861;0.1085133;809.2275;127.397736;0.7422239;0.42147264;0.11796086;984.6351;189.83044;0.9927073;0.5128308;0.17576893;771.42084;236.06105;0.9904495;0.40178168;0.21857505;1023.87213;341.17703;0.97311324;0.5332667;0.31590465;745.8409;465.837;0.9582325;0.3884588;0.43133056;995.3081;487.66922;0.96545506;0.51838964;0.45154557;883.34125;600.5162;0.94859505;0.46007356;0.5560335;961.45886;444.04434;0.9834356;0.50075984;0.41115215;821.04987;471.6504;0.98049384;0.42763013;0.43671334;1005.0195;608.2588;0.9086507;0.52344763;0.56320256;831.2857;658.17487;0.89388174;0.43296131;0.6094212;1000.7761;708.49524;0.6155024;0.52123755;0.6560141;827.01764;765.46765;0.5783439;0.43073836;0.70876634
0.92556363;881.5;349.5;353.0;677.0;0.45911458;0.3236111;0.18385416;0.62685186;870.9372;177.99701;0.9897787;0.45361313;0.16481204;892.366;150.53673;0.97180206;0.46477398;0.13938586;844.4563;152.16234;0.9660777;0.43982098;0.14089106;939.1124;114.55975;0.7837079;0.48912105;0.10607385;810.88794;123.54607;0.7336032;0.42233747;0.11439451;985.9219;188.54951;0.99265575;0.513501;0.17458288;773.4516;231.9694;0.9893433;0.40283936;0.21478648;1024.3712;341.69128;0.973245;0.53352666;0.31638083;746.9746;459.0219;0.95265204;0.38904926;0.42502028;996.1441;486.54428;0.96583563;0.51882505;0.45050398;882.72864;596.96136;0.9439054;0.4597545;0.552742;963.2822;448.1166;0.9819104;0.5017095;0.41492277;823.2051;474.88522;0.9777386;0.42875263;0.43970853;1004.8215;613.1459;0.90185666;0.5233445;0.5677277;832.0119;664.5469;0.88159496;0.43333954;0.61532116;1002.5312;713.63416;0.5940709;0.52215165;0.6607724;827.1924;773.7656;0.5487457;0.43082938;0.7164497
0.9230589;884.5;348.5;355.0;677.0;0.4606771;0.32268518;0.18489583;0.62685186;872.78674;175.14227;0.9893415;0.45457643;0.16216877;894.1699;147.60278;0.9695719;0.4657135;0.13666925;846.3399;149.2673;0.9654952;0.44080204;0.13821046;939.81464;111.92555;0.7734098;0.48948678;0.10363477;811.98505;120.82622;0.74087894;0.42290887;0.11187613;986.8569;186.17368;0.9925086;0.51398796;0.17238304;773.03723;231.0645;0.9902036;0.40262356;0.2139486;1025.7697;337.44858;0.9724205;0.534255;0.31245238;750.5865;459.9065;0.9571086;0.39093047;0.42583933;996.5894;482.9676;0.9648197;0.519057;0.44719222;886.5746;596.9316;0.9474939;0.4617576;0.5527144;965.9702;445.07364;0.9834034;0.5031095;0.41210523;824.7869;472.51404;0.98052055;0.42957652;0.437513;1008.8516;611.4798;0.91069347;0.52544355;0.566185;830.9218;662.9575;0.8964051;0.43277177;0.6138496;1007.0133;716.609;0.6182451;0.5244861;0.66352683;830.8462;777.3699;0.5808917;0.4327324;0.71978694
0.91931605;887.0;347.5;354.0;679.0;0.46197918;0.32175925;0.184375;0.6287037;873.9471;172.66077;0.990611;0.45518076;0.15987109;896.1069;144.95851;0.973132;0.46672234;0.13422084;847.93304;146.28123;0.97149223;0.4416318;0.1354456;942.05237;112.27734;0.7932296;0.49065226;0.10396051;814.6548;119.904305;0.78230464;0.42429936;0.1110225;984.89154;184.6529;0.99387544;0.51296437;0.1709749;775.92114;232.62204;0.99243474;0.4041256;0.21539077;1030.4478;339.20502;0.9748502;0.53669155;0.31407872;751.6228;458.7068;0.9624997;0.39147022;0.4247285;998.29175;485.72507;0.96162885;0.5199436;0.44974545;893.2944;591.6224;0.94347775;0.4652575;0.5477985;965.0094;449.56754;0.9868146;0.5026091;0.41626623;826.7902;479.8146;0.98459953;0.4306199;0.4442728;1010.89276;611.06415;0.9233293;0.52650666;0.56580013;833.39044;667.0745;0.91238934;0.43405753;0.6176616;1013.13635;721.2724;0.63800985;0.5276752;0.66784483;832.284;789.6065;0.6060294;0.43348125;0.7311171
0.9220201;890.0;347.0;356.0;682.0;0.46354166;0.3212963;0.18541667;0.63148147;876.86633;173.35469;0.9909059;0.45670122;0.16051361;899.21436;145.2052;0.97334135;0.4683408;0.13444926;850.33777;145.99893;0.9720305;0.44288427;0.1351842;946.2111;109.06091;0.7909137;0.4928183;0.10098232;816.62146;115.94868;0.78206736;0.42532367;0.107359886;987.9928;183.49173;0.99400145;0.5145796;0.16989975;777.54456;231.97325;0.9928763;0.40497112;0.21479005;1032.3528;336.15967;0.9756614;0.5376837;0.31125894;753.2048;456.7199;0.96526897;0.39229414;0.42288882;999.7407;481.36414;0.9641616;0.5206983;0.44570753;895.8884;586.4429;0.9486675;0.46660855;0.54300267;965.89874;444.50565;0.9871258;0.50307226;0.4115793;827.8728;475.63266;0.9852588;0.43118376;0.4404006;1011.4528;597.9232;0.92572856;0.52679837;0.5536326;831.9895;659.79535;0.91654253;0.43332785;0.6109216;1012.6432;699.78644;0.65212667;0.5274183;0.6479504;830.67206;777.2745;0.62115824;0.43264169;0.7196986
0.91727257;891.5;347.0;357.0;682.0;0.46432292;0.3212963;0.1859375;0.63148147;879.84045;168.63084;0.99090904;0.45825022;0.15613967;902.48254;140.81508;0.9727394;0.470043;0.13038433;853.21545;141.39484;0.97245264;0.44438305;0.13092114;948.46643;108.04994;0.78858113;0.49399292;0.10004624;818.72095;114.370056;0.79153836;0.42641717;0.1058982;989.6721;183.4038;0.99416006;0.51545423;0.16981833;778.3561;231.49582;0.9934035;0.40539378;0.21434797;1034.0646;336.46973;0.9758337;0.5385753;0.31154606;755.7462;453.88467;0.9680108;0.3936178;0.4202636;1000.40497;478.94357;0.96431345;0.52104425;0.44346628;897.78827;581.8784;0.95183754;0.46759805;0.53877634;969.2307;446.37836;0.9880498;0.50480765;0.4133133;830.1393;477.81793;0.9867191;0.4323642;0.442424;1015.85815;596.0831;0.9312871;0.5290928;0.5519288;832.70544;660.9733;0.9248868;0.43370074;0.6120123;1012.646;701.1441;0.67181414;0.5274198;0.64920753;830.2625;783.26794;0.64525104;0.4324284;0.7252481
0.9159881;892.5;346.0;353.0;684.0;0.46484375;0.32037038;0.18385416;0.6333333;881.8284;164.87445;0.99087805;0.45928565;0.15266153;904.0425;137.03618;0.97265863;0.47085544;0.12688535;855.1232;138.17958;0.9721814;0.4453767;0.12794405;949.95636;105.3346;0.79167765;0.49476895;0.09753204;821.1262;112.89219;0.7919595;0.4276699;0.104529805;992.0689;182.20955;0.99429756;0.51670253;0.16871254;780.38824;229.16333;0.9935529;0.4064522;0.21218827;1034.9137;339.39825;0.9763618;0.53901756;0.31425765;757.43726;450.1912;0.96870965;0.39449856;0.41684368;1001.71216;482.1307;0.9646926;0.52172506;0.44641733;900.1224;578.735;0.9524493;0.46881375;0.5358657;970.83344;444.828;0.98824024;0.5056424;0.41187778;831.2252;476.03763;0.9869326;0.4329298;0.44077557;1018.256;593.65326;0.93057305;0.5303417;0.5496789;834.057;660.7159;0.924165;0.4344047;0.61177397;1014.54364;697.8018;0.6679662;0.52840817;0.6461128;833.53973;780.3139;0.64115304;0.4341353;0.7225129
0.9163092;894.5;346.5;355.0;685.0;0.46588543;0.32083333;0.18489583;0.6342593;883.5784;163.08751;0.99063766;0.4601971;0.15100695;906.3272;135.33861;0.9718124;0.47204542;0.12531352;856.67896;136.26283;0.9716562;0.44618696;0.1261693;952.96094;105.000275;0.7911234;0.4963338;0.09722248;822.29724;112.25899;0.792798;0.42827982;0.103943504;993.995;182.35553;0.99418795;0.51770574;0.16884771;782.78156;230.73033;0.9939336;0.40769872;0.2136392;1036.3398;336.44623;0.97566277;0.53976035;0.31152427;759.14844;451.21317;0.97082347;0.39538983;0.41778997;1001.0698;484.812;0.96383035;0.52139056;0.4489;902.3022;573.34814;0.95499337;0.46994907;0.5308779;973.42584;446.3475;0.988332;0.50699264;0.41328472;834.4267;477.43103;0.98750985;0.43459722;0.44206578;1016.02466;593.2281;0.929143;0.5291795;0.5492853;834.6885;657.60693;0.92505085;0.43473357;0.6088953;1013.3408;693.41534;0.6658233;0.52778167;0.6420512;833.1567;773.84515;0.6448573;0.43393576;0.7165233
0.91625255;893.5;346.5;351.0;685.0;0.46536458;0.32083333;0.1828125;0.6342593;886.7785;160.7477;0.9908289;0.46186382;0.14884046;909.19794;133.18007;0.97170246;0.4735406;0.12331488;859.8963;134.25148;0.9728861;0.44786265;0.124306925;954.11536;104.18074;0.7890277;0.49693507;0.09646365;825.1145;111.58617;0.8052768;0.42974713;0.103320524;995.7951;181.48302;0.9941543;0.51864326;0.16803983;783.97565;229.96019;0.9943644;0.40832064;0.2129261;1038.0215;334.18314;0.97499555;0.5406362;0.30942884;760.5388;449.65433;0.97303325;0.39611396;0.4163466;1002.86975;484.56418;0.96286476;0.522328;0.44867054;906.8821;572.50397;0.95745367;0.4723344;0.5300963;978.6059;452.0673;0.9880697;0.5096906;0.41858083;838.3739;483.2691;0.98772186;0.43665308;0.44747138;1021.4341;599.6866;0.9213681;0.5319969;0.55526537;835.2016;663.733;0.91961;0.43500084;0.6145676;1016.91895;695.8698;0.6360177;0.52964526;0.6443239;833.2823;774.881;0.6199662;0.43400118;0.7174824
0.91854155;893.0;346.0;350.0;688.0;0.46510416;0.32037038;0.18229167;0.63703704;889.7159;159.20921;0.9904903;0.4633937;0.14741594;911.7772;130.67186;0.9703523;0.47488397;0.12099246;861.97876;132.9085;0.9724662;0.44894728;0.12306342;957.30383;99.92258;0.7787826;0.49859574;0.09252091;826.96326;109.9593;0.8034271;0.43071002;0.101814166;999.4684;179.42294;0.99353844;0.52055645;0.16613236;787.10175;227.80153;0.99414945;0.40994883;0.21092734;1039.2992;333.47916;0.97248954;0.54130167;0.308777;761.2956;445.1948;0.97289103;0.39650813;0.4122174;1002.2631;485.2413;0.96031666;0.52201205;0.4492975;909.30475;570.45447;0.95759314;0.47359622;0.5281986;979.09204;451.74182;0.9874041;0.5099438;0.41827947;838.8249;482.7889;0.9874821;0.43688795;0.44702676;1020.83405;601.1312;0.9193389;0.5316844;0.556603;836.26447;667.5574;0.9201209;0.43555441;0.6181087;1017.81683;702.6161;0.63139445;0.5301129;0.65057045;832.38464;780.78644;0.6197061;0.43353367;0.7229504
0.91465366;895.5;345.0;353.0;688.0;0.46640626;0.31944445;0.18385416;0.63703704;892.05505;156.89351;0.9908756;0.464612;0.14527176;914.22363;128.9292;0.97107834;0.47615814;0.11937889;864.68945;130.27905;0.9724434;0.45035908;0.12062875;958.9212;97.93181;0.7884332;0.49943814;0.090677604;829.1434;106.071396;0.80449307;0.43184552;0.098214254;1000.5141;179.89743;0.9945589;0.5211011;0.16657169;787.7331;227.84431;0.99493474;0.41027766;0.21096696;1041.6709;333.19894;0.9770512;0.5425369;0.30851755;764.80676;442.6778;0.9762758;0.39833686;0.40988684;1003.36633;487.40582;0.9660614;0.52258664;0.4513017;910.64435;564.614;0.9624015;0.47429392;0.52279073;982.4405;451.2205;0.9896773;0.51168776;0.41779676;842.52966;482.57367;0.98958194;0.43881753;0.44682747;1022.1808;596.8204;0.92885;0.5323858;0.5526115;835.8554;666.1302;0.92835504;0.43534136;0.6167872;1018.5901;688.77563;0.65664387;0.5305157;0.6377552;837.0694;772.7816;0.64196384;0.43597364;0.71553856
0.90913284;896.5;345.5;357.0;687.0;0.46692708;0.3199074;0.1859375;0.63611114;894.6381;154.35406;0.99098784;0.46595734;0.14292043;916.69836;126.60601;0.97125816;0.47744706;0.117227785;867.8386;127.60149;0.9734475;0.45199928;0.11814953;960.31647;96.73162;0.7843515;0.5001648;0.08956631;832.7806;103.76514;0.81081957;0.43373987;0.09607883;1002.9621;180.82828;0.99424124;0.5223761;0.16743359;789.7825;227.23796;0.99471986;0.41134503;0.21040551;1043.7305;332.7532;0.97506046;0.5436096;0.3081048;767.85974;440.61368;0.9751252;0.39992696;0.4079756;1008.04236;479.70853;0.96372396;0.5250221;0.44417456;912.7947;562.86334;0.9608723;0.4754139;0.5211698;986.2592;454.82495;0.98888993;0.5136767;0.4211342;845.75446;485.7625;0.9889404;0.4404971;0.4497801;1027.6256;602.0494;0.926554;0.5352217;0.55745316;836.9685;671.47906;0.92711645;0.4359211;0.62173986;1017.73956;700.19336;0.64947915;0.5300727;0.6483272;834.82306;785.9066;0.6364867;0.43480366;0.7276913
0.9110932;898.0;346.5;362.0;687.0;0.46770832;0.32083333;0.18854167;0.63611114;896.5311;152.47708;0.98610884;0.4669433;0.14118248;918.65204;123.91182;0.9595563;0.4784646;0.11473317;871.61957;126.00879;0.9608852;0.45396852;0.1166748;958.0769;93.145706;0.7370111;0.49899837;0.08624602;833.8394;99.21563;0.7757157;0.43429136;0.09186632;1000.3543;176.9322;0.99423754;0.52101785;0.16382612;787.7448;218.9849;0.9911733;0.41028374;0.2027638;1044.8956;339.8572;0.9753861;0.54421645;0.3146826;765.1102;430.58405;0.95634466;0.3984949;0.39868894;1006.7024;486.6491;0.9510504;0.5243242;0.45060104;910.1554;553.5183;0.93021137;0.47403926;0.512517;990.1207;451.7755;0.98770744;0.5156879;0.41831067;847.0813;481.6787;0.98507243;0.4411882;0.44599882;1018.1155;607.3772;0.91817075;0.5302685;0.5623863;843.1011;664.3469;0.90235174;0.43911514;0.615136;1009.08606;699.9573;0.60254294;0.5255657;0.6481086;858.7381;769.47144;0.55923325;0.44725943;0.7124736
0.91540694;902.5;347.5;371.0;689.0;0.4700521;0.32175925;0.19322917;0.63796294;897.01855;151.84883;0.98724514;0.46719715;0.14060077;919.69507;123.552956;0.96230423;0.47900784;0.114400886;872.0839;124.62234;0.96281403;0.45421037;0.11539105;960.16705;92.738045;0.74481344;0.500087;0.08586856;834.7475;96.906075;0.77813816;0.43476433;0.08972785;1002.1904;177.86444;0.9949174;0.5219742;0.1646893;788.73285;219.25558;0.9918646;0.41079837;0.20301443;1046.7784;339.06638;0.978379;0.5451971;0.31395036;767.7603;427.42017;0.95988214;0.39987516;0.3957594;1011.68884;476.00494;0.95783406;0.5269213;0.44074532;913.3014;550.5251;0.93704325;0.47567782;0.5097455;992.64777;451.9453;0.98974705;0.5170041;0.41846788;849.14557;482.7695;0.9874018;0.4422633;0.4470088;1024.8461;597.47144;0.9360695;0.533774;0.5532143;843.86664;661.4626;0.92291266;0.43951386;0.6124654;1009.953;695.16797;0.6668184;0.5260172;0.643674;853.4312;777.76965;0.62278014;0.4444954;0.7201571
0.9143232;902.5;346.5;369.0;689.0;0.4700521;0.32083333;0.1921875;0.63796294;900.2102;150.73627;0.9869832;0.4688595;0.13957062;922.88837;121.97337;0.9603447;0.48067102;0.11293831;874.4664;123.659325;0.9630255;0.45545122;0.114499375;963.2232;90.86756;0.7375153;0.50167876;0.08413663;835.76373;96.43058;0.7863562;0.4352936;0.08928757;1004.62354;177.07028;0.9947792;0.5232414;0.16395396;791.34247;218.22923;0.9926596;0.41215754;0.20206411;1048.3844;338.80234;0.97734296;0.54603356;0.31370586;769.6875;424.96848;0.96448565;0.4008789;0.39348933;1012.66003;482.08725;0.9557093;0.5274271;0.44637707;914.1264;547.47784;0.94207215;0.4761075;0.5069239;994.5443;450.36502;0.9898335;0.51799184;0.41700464;851.67065;480.30405;0.98827237;0.44357845;0.44472596;1022.12866;601.5881;0.9315036;0.5323587;0.55702597;845.48975;662.3561;0.9218327;0.44035923;0.6132927;1009.75854;691.9351;0.6471223;0.5259159;0.6406807;858.19684;768.223;0.6118113;0.44697753;0.7113176
0.917499;902.5;347.0;365.0;690.0;0.4700521;0.3212963;0.19010417;0.6388889;903.28937;149.59567;0.98716277;0.47046322;0.13851452;926.5745;120.42637;0.96090937;0.48259088;0.111505896;877.34106;121.647514;0.96375364;0.45694846;0.11263659;967.2883;88.27821;0.73507357;0.503796;0.08173908;837.95435;92.801796;0.78550315;0.43643457;0.08592759;1006.84686;177.58238;0.9945655;0.5243994;0.16442813;794.54626;217.58977;0.99230886;0.41382617;0.20147201;1051.2308;335.52676;0.9761563;0.54751605;0.31067294;771.8777;422.77426;0.9623785;0.40201962;0.39145765;1017.5338;469.31207;0.954973;0.5299655;0.43454823;910.17004;542.9279;0.93989545;0.4740469;0.50271106;993.6414;447.84705;0.9894405;0.51752156;0.41467318;852.5915;476.74484;0.9877566;0.44405806;0.44143042;1021.3396;602.27045;0.9328626;0.53194773;0.55765784;848.3262;659.59045;0.92299277;0.44183654;0.6107319;1008.8443;695.9154;0.65295166;0.52543974;0.64436615;859.36;768.88934;0.6175331;0.44758332;0.71193457
0.9204678;902.5;345.0;363.0;690.0;0.4700521;0.31944445;0.1890625;0.6388889;905.0869;146.23178;0.9893764;0.47139943;0.1353998;927.7636;117.863716;0.9637316;0.4832102;0.10913307;878.1622;118.10798;0.9728674;0.45737612;0.10935924;969.7074;86.6638;0.74655867;0.50505596;0.080244265;840.8214;90.46937;0.83311546;0.4379278;0.083767936;1009.3704;179.29156;0.9942579;0.52571374;0.16601071;798.99634;216.89815;0.99591523;0.41614392;0.20083162;1053.3765;333.72327;0.97275937;0.5486336;0.30900303;776.1455;420.19925;0.9808864;0.40424246;0.38907337;1017.7803;467.5169;0.95390457;0.5300939;0.43288603;911.695;539.11804;0.9622477;0.47484115;0.4991834;990.5153;445.70673;0.991983;0.5158934;0.4126914;854.38257;471.13837;0.9929471;0.44499093;0.43623924;1023.34375;607.665;0.9419907;0.5329915;0.56265277;845.2632;658.77734;0.94915456;0.44024125;0.60997903;1010.61005;705.71124;0.6841466;0.5263594;0.65343636;847.0371;773.7395;0.6953771;0.44116515;0.7164255
0.92116475;903.5;346.0;363.0;690.0;0.47057292;0.32037038;0.1890625;0.6388889;907.8001;144.03575;0.9897314;0.47281256;0.13336644;929.8579;115.93493;0.964528;0.484301;0.10734715;880.7707;116.41137;0.973389;0.45873472;0.1077883;971.15906;84.843544;0.74675494;0.505812;0.07855884;843.6621;89.44851;0.8330827;0.43940735;0.082822695;1010.90076;175.9916;0.99443287;0.52651083;0.16295518;801.2807;214.6368;0.9960055;0.4173337;0.19873777;1055.1542;333.19098;0.9740327;0.5495595;0.30851015;777.573;415.2196;0.9816347;0.40498593;0.3844626;1019.5424;467.92816;0.95654076;0.5310117;0.43326682;912.48157;534.58374;0.964364;0.4752508;0.49498495;993.4898;443.297;0.9924062;0.5174426;0.41046017;857.6256;470.49316;0.9933403;0.44668;0.43564183;1026.0554;595.0053;0.94794846;0.53440386;0.55093086;845.17755;657.14325;0.95453435;0.44019663;0.60846597;1012.0276;697.22174;0.7140324;0.5270977;0.6455757;843.2379;778.50055;0.72226757;0.43918642;0.72083384
0.9230978;904.5;347.0;359.0;692.0;0.47109374;0.3212963;0.18697916;0.64074075;910.2301;141.10977;0.98816305;0.47407818;0.1306572;932.6195;113.9588;0.959719;0.48573932;0.10551741;882.5197;114.78257;0.9659258;0.4596457;0.106280155;976.5211;84.68127;0.7228194;0.50860476;0.078408584;844.8368;91.025826;0.77819955;0.44001916;0.08428317;1018.76263;179.27455;0.9912322;0.53060555;0.16599496;805.4054;211.96097;0.9939698;0.41948196;0.19626015;1054.0232;328.33057;0.96436465;0.5489704;0.3040098;780.5004;412.80902;0.97719586;0.40651065;0.38223058;1022.6333;467.70886;0.9588909;0.5326215;0.43306378;906.7284;530.86993;0.9693368;0.47225437;0.49154624;994.6775;442.79398;0.9877037;0.5180612;0.40999442;856.2536;464.63153;0.9898253;0.4459654;0.43021438;1023.71875;600.6101;0.9351709;0.53318685;0.55612046;847.23413;655.3135;0.945295;0.4412678;0.60677177;1014.75446;712.25964;0.7068049;0.52851796;0.65949965;839.8548;781.65436;0.71705765;0.43742436;0.72375405
0.925119;906.0;346.0;360.0;692.0;0.471875;0.32037038;0.1875;0.64074075;913.2507;141.11752;0.9885351;0.47565138;0.13066438;935.4615;112.27957;0.96705574;0.4872195;0.10396256;886.47644;114.13534;0.97376955;0.4617065;0.10568087;976.34424;81.80605;0.74916625;0.5085126;0.07574634;846.8963;87.66779;0.8285658;0.44109184;0.08117388;1016.92737;177.82397;0.9926751;0.5296497;0.16465183;802.5345;212.10168;0.9930131;0.41798672;0.19639045;1055.9446;337.11978;0.9619896;0.54997116;0.31214795;779.6552;406.9904;0.96218413;0.4060704;0.37684295;1022.07336;472.2404;0.9264669;0.53232986;0.4372596;902.71765;525.87335;0.9263571;0.47016543;0.48691976;1000.58826;445.7784;0.9859681;0.52113974;0.41275778;859.654;469.7302;0.9857906;0.44773644;0.43493536;1034.9257;583.7901;0.91777194;0.53902376;0.5405464;847.4174;631.1776;0.9188702;0.44136325;0.5844237;1005.9383;702.79584;0.60647386;0.5239262;0.65073687;854.8056;760.90393;0.60427713;0.44521126;0.70454067
0.9294577;908.5;347.5;355.0;693.0;0.47317708;0.32175925;0.18489583;0.64166665;918.9974;137.5016;0.987535;0.47864446;0.1273163;940.79517;110.26758;0.9543293;0.48999748;0.10209961;891.0892;111.48125;0.96725166;0.46410894;0.103223376;980.56244;81.73185;0.69019604;0.5107096;0.07567764;850.977;88.05164;0.80179673;0.4432172;0.0815293;1021.6317;180.57767;0.9900371;0.53209984;0.16720155;808.67126;210.56544;0.9945728;0.42118296;0.194968;1060.6261;329.19827;0.95730126;0.5524094;0.3048132;784.6145;406.1271;0.98008245;0.40865338;0.37604362;1031.4493;468.47763;0.9517701;0.5372132;0.43377557;905.11176;524.47614;0.97192895;0.47141236;0.48562604;999.1463;446.09674;0.986091;0.5203887;0.41305253;861.73285;466.8781;0.98978233;0.4488192;0.43229455;1025.904;600.38184;0.92188686;0.534325;0.5559091;849.89105;654.60956;0.9406554;0.4426516;0.60612;1012.76355;702.81506;0.6709859;0.527481;0.6507547;846.5656;769.35156;0.696678;0.44091958;0.7123626
0.9296409;912.0;346.0;358.0;692.0;0.475;0.32037038;0.18645833;0.64074075;917.74316;137.3087;0.98813665;0.47799122;0.12713769;940.6209;109.53051;0.96820056;0.48990673;0.10141714;892.5065;110.47959;0.9724759;0.46484712;0.10229592;981.4909;80.485954;0.76564395;0.51119316;0.07452403;854.2391;83.610535;0.81803757;0.4449162;0.077417165;1022.5558;177.60297;0.9924078;0.53258115;0.16444719;810.65314;205.29727;0.9922192;0.42221516;0.19009006;1061.8602;336.67447;0.95968276;0.5530522;0.31173563;783.86957;397.77832;0.95588166;0.4082654;0.36831325;1022.83484;475.73932;0.91871417;0.53272647;0.44049937;898.93726;515.8458;0.9130361;0.46819648;0.47763503;1003.57495;452.7079;0.9848409;0.5226953;0.41917396;865.1913;471.44943;0.984064;0.45062047;0.43652725;1024.9618;606.81256;0.9062036;0.5338343;0.5618635;852.8835;639.51636;0.90406096;0.44421014;0.5921448;1001.95074;727.65894;0.55909216;0.52184933;0.67375827;869.19165;769.7265;0.55451787;0.45270398;0.7127097
0.92919767;915.0;346.5;356.0;693.0;0.4765625;0.32083333;0.18541667;0.64166665;920.4425;136.85014;0.9873559;0.47939715;0.1267131;943.3508;108.52225;0.96459544;0.49132857;0.10048356;894.7127;109.88304;0.9717575;0.4659962;0.10174356;983.3635;78.34861;0.74396294;0.5121685;0.07254501;854.77594;82.1128;0.8228344;0.4451958;0.07603037;1024.572;177.84233;0.9918032;0.53363127;0.16466883;811.53485;205.60474;0.9924678;0.4226744;0.19037476;1065.2754;334.91333;0.95633096;0.5548309;0.31010494;784.7126;394.95813;0.95920646;0.40870446;0.36570197;1025.3693;472.52957;0.9150146;0.5340465;0.4375274;898.18677;511.10815;0.9195005;0.4678056;0.4732483;1005.8518;451.40176;0.98455554;0.52388114;0.4179646;867.6611;469.9648;0.9847265;0.4519068;0.4351526;1025.2379;608.17;0.9036809;0.5339781;0.56312037;855.03357;640.9172;0.90665317;0.44533;0.59344184;996.0337;725.7365;0.5538568;0.51876754;0.67197824;866.4132;766.6214;0.55790555;0.45125687;0.70983464
0.928883;917.0;346.5;356.0;693.0;0.47760418;0.32083333;0.18541667;0.64166665;920.04205;135.70935;0.9874062;0.47918856;0.12565681;942.87;107.77954;0.96620184;0.4910781;0.09979587;895.15045;109.031;0.97030085;0.4662242;0.10095463;984.4466;77.19415;0.76154864;0.5127326;0.071476065;857.82623;80.87606;0.81033945;0.4467845;0.07488524;1028.0857;176.94548;0.99244845;0.5354613;0.1638384;814.90125;204.52744;0.99226356;0.42442772;0.18937725;1068.4156;334.27487;0.9605763;0.55646646;0.30951378;784.76337;393.26157;0.9573692;0.40873092;0.3641311;1026.5012;474.38013;0.92131835;0.5346361;0.43924087;896.0411;503.8462;0.9174519;0.46668807;0.46652424;1007.2498;451.68503;0.98552215;0.52460927;0.41822687;869.3668;469.54468;0.9848712;0.4527952;0.43476358;1024.9099;610.93677;0.90691084;0.5338072;0.5656822;855.9917;642.16156;0.90538543;0.445829;0.59459406;994.4509;727.0777;0.55615705;0.5179432;0.6732201;866.6844;767.0993;0.5529742;0.4513981;0.71027714
0.9302051;921.5;346.5;355.0;693.0;0.47994792;0.32083333;0.18489583;0.64166665;924.68536;130.03323;0.9877601;0.48160696;0.120401144;947.0986;102.483215;0.95717716;0.4932805;0.09489187;897.7722;104.53212;0.96767485;0.4675897;0.096789;988.05084;75.90225;0.7261414;0.5146098;0.07027987;860.20276;82.83888;0.81138784;0.44802228;0.07670267;1031.7473;177.74895;0.99207675;0.5373684;0.16458236;822.1504;203.24588;0.99542075;0.4282033;0.18819062;1074.0203;332.83823;0.96402866;0.55938554;0.30818355;789.2223;390.4388;0.981556;0.41105327;0.36151743;1035.4149;479.65283;0.9510244;0.5392786;0.444123;890.4947;500.91663;0.9695491;0.46379933;0.4638117;1006.7761;450.10147;0.98878944;0.52436256;0.41676062;872.4882;465.8528;0.99138945;0.45442095;0.4313452;1026.6483;617.1653;0.92260945;0.5347127;0.57144934;859.9715;653.19934;0.93924266;0.44790182;0.60481423;1007.7199;719.87744;0.6352092;0.5248541;0.6665532;854.0715;761.27124;0.6651267;0.4448289;0.7048808
0.9326998;925.0;346.0;356.0;690.0;0.48177084;0.32037038;0.18541667;0.6388889;927.2509;131.04;0.98840207;0.48294318;0.12133332;948.4869;102.038185;0.96016693;0.4940036;0.0944798;899.91;105.36363;0.97078484;0.46870312;0.097558916;988.5116;72.485115;0.7372444;0.5148498;0.06711585;862.6727;81.924736;0.8289975;0.44930872;0.07585624;1033.6439;177.30276;0.9935869;0.5383562;0.16416922;825.7508;204.80971;0.99593145;0.43007854;0.18963861;1077.9186;335.7846;0.9684731;0.5614159;0.3109117;790.47784;386.45636;0.98183215;0.41170722;0.35782996;1036.0225;473.2986;0.9478442;0.539595;0.43823946;896.30237;494.67447;0.9648479;0.46682414;0.45803192;1009.0031;447.07846;0.9910251;0.5255225;0.41396153;876.79376;464.53354;0.9927326;0.45666343;0.43012366;1027.1136;606.98883;0.9329022;0.534955;0.5620267;861.08624;649.2809;0.94536185;0.44848242;0.601186;1002.0042;710.2279;0.6540267;0.52187717;0.6576184;855.1679;755.74384;0.6782994;0.44539994;0.6997628
0.9338609;928.5;346.0;357.0;692.0;0.48359376;0.32037038;0.1859375;0.64074075;929.9242;128.06091;0.98853916;0.4843355;0.11857492;952.04834;101.2589;0.9602923;0.49585852;0.09375824;903.6968;102.605;0.9678429;0.4706754;0.09500463;993.12585;75.62549;0.7468127;0.51725304;0.070023604;867.0976;81.332016;0.8073442;0.45161334;0.07530742;1037.39;178.45236;0.99328244;0.5403073;0.16523367;827.3687;202.5304;0.99571925;0.4309212;0.18752815;1080.9023;335.01828;0.97027415;0.56297;0.31020212;794.71564;384.15646;0.98259395;0.41391438;0.35570043;1040.3522;477.7228;0.9596095;0.5418501;0.44233593;896.7367;490.80432;0.9720435;0.46705037;0.45444843;1012.561;438.89713;0.9898707;0.5273755;0.40638623;878.3613;455.2294;0.9918555;0.45747986;0.4215087;1029.1315;601.9215;0.92610395;0.536006;0.5573347;862.119;646.64557;0.93944806;0.44902033;0.5987459;1007.0437;691.58545;0.64273894;0.5245019;0.6403569;854.6193;744.5933;0.6639362;0.44511423;0.6894383
0.9341952;931.5;345.5;359.0;691.0;0.48515624;0.3199074;0.18697916;0.6398148;932.7135;125.53331;0.98879504;0.4857883;0.11623455;954.62994;98.85274;0.9616581;0.49720308;0.091530316;906.7097;100.20078;0.9691929;0.47224465;0.092778504;994.69525;73.58121;0.7449355;0.51807046;0.06813075;870.0835;79.15979;0.8093043;0.45316848;0.0732961;1038.0348;176.76842;0.99276567;0.5406431;0.16367446;829.9669;200.52264;0.9952917;0.43227443;0.18566911;1083.2578;332.51318;0.96723694;0.56419677;0.30788258;796.2263;378.61783;0.9804208;0.4147012;0.35057205;1042.6385;474.45703;0.956155;0.54304093;0.43931207;893.79;487.97214;0.96925527;0.4655156;0.45182607;1013.1024;437.0996;0.9886784;0.5276575;0.40472186;880.7771;454.0265;0.9908612;0.45873806;0.4203949;1029.0984;594.2505;0.92671067;0.53598875;0.55023193;865.9036;644.271;0.9398638;0.45099148;0.59654725;1005.8234;694.29126;0.6554519;0.52386636;0.64286226;856.76117;754.0522;0.67420113;0.4462298;0.6981965
